timestamp,value,error_prediction,anomaly_score
2014-11-23 08:00:00,751.268840221171,0,0.5
2014-11-23 09:00:00,-127.34072761543699,0,0.5
2014-11-23 10:00:00,911.8865028503419,0,0.5
2014-11-23 11:00:00,938.3161958646899,0,0.5
2014-11-23 12:00:00,491.43430103628,0,0.5
2014-11-23 13:00:00,-604.010638245637,0,0.5
2014-11-23 14:00:00,-183.40376358830798,0,0.5
2014-11-23 15:00:00,249.953695003408,0,0.5
2014-11-23 16:00:00,478.868359468313,0,0.5
2014-11-23 17:00:00,1960.87486050863,0,0.5
2014-11-23 18:00:00,1047.67767979391,[750.5072461],0.5
2014-11-23 19:00:00,179.987854692263,[128.10232173],0.5
2014-11-23 20:00:00,28.8037626071706,[911.12490873],0.5
2014-11-23 21:00:00,589.843067616527,[937.55460175],0.5
2014-11-23 22:00:00,636.825923565314,[490.67270692],0.5
2014-11-23 23:00:00,622.031826221158,[604.77223242],0.5
2014-11-24 00:00:00,1064.6228600243699,[184.16535776],0.5
2014-11-24 01:00:00,437.436807169282,[249.19210083],0.5
2014-11-24 02:00:00,1269.66374003843,[478.10676529],0.5
2014-11-24 03:00:00,326.943958142719,[1960.11326633],0.5
2014-11-24 04:00:00,970.4171651394059,[1046.91608562],0.49999242855761417
2014-11-24 05:00:00,1369.04363864009,[179.22626052],0.500071343446891
2014-11-24 06:00:00,1266.20039299726,[28.04216843],0.5000069336955506
2014-11-24 07:00:00,1702.36493237819,[589.08147344],0.4999517204637929
2014-11-24 08:00:00,1231.26846869057,[636.06432939],0.49997125127014896
2014-11-24 09:00:00,1598.7674032965301,[621.27023204],0.4999713351860451
2014-11-24 10:00:00,1977.0786254626,[1063.86126585],0.500089361127545
2014-11-24 11:00:00,959.3797711045128,[436.67521299],0.5001540086640498
2014-11-24 12:00:00,638.926970667654,[1268.90214586],0.5002334534107309
2014-11-24 13:00:00,1454.1387154028,[326.18236397],0.49995104716762784
2014-11-24 14:00:00,1313.58867265559,[969.65557096],0.49990310289053275
2014-11-24 15:00:00,1156.34723029566,[1368.28204446],0.5000730305713621
2014-11-24 16:00:00,1243.31514910303,[1265.43879882],0.5002545660096507
2014-11-24 17:00:00,1135.64807487687,[1701.6033382],0.5003380133163776
2014-11-24 18:00:00,1966.93255893191,[1230.50687451],0.5004060677690213
2014-11-24 19:00:00,2233.97180941574,[1598.00580912],0.5004833887046577
2014-11-24 20:00:00,2153.1425870724693,[1976.31703129],0.5004843426039811
2014-11-24 21:00:00,1324.31833600391,[958.61817693],0.5005685818793129
2014-11-24 22:00:00,2319.1736626597,[638.16537649],0.5005063320614127
2014-11-24 23:00:00,1429.20138637914,[1453.37712123],0.5006326933675793
2014-11-25 00:00:00,2637.9552855589604,[1312.82707848],0.5006678830465707
2014-11-25 01:00:00,1932.9556359189999,[1155.58563612],0.5006401627996035
2014-11-25 02:00:00,1334.2638361104,[1242.55355493],0.500631999827833
2014-11-25 03:00:00,1108.21760259763,[1134.8864807],0.5005505203772542
2014-11-25 04:00:00,906.410312927251,[1966.17096476],0.5005656856214238
2014-11-25 05:00:00,959.804292568632,[2233.21021524],0.5005343648147111
2014-11-25 06:00:00,656.922133414937,[2152.3809929],0.5004758890828697
2014-11-25 07:00:00,2254.03498291044,[1323.55674183],0.5005177635710676
2014-11-25 08:00:00,2049.5455666182,[2318.41206848],0.5006139082197595
2014-11-25 09:00:00,1408.6462310555899,[1428.4397922],0.5006108071769567
2014-11-25 10:00:00,1683.41531220387,[2637.19369138],0.5006268210130005
2014-11-25 11:00:00,1284.6007982033802,[1932.19404174],0.5006715965637488
2014-11-25 12:00:00,2929.1935772210304,[1333.50224193],0.5006896808894518
2014-11-25 13:00:00,993.468470573584,[1107.45600842],0.5007033501134984
2014-11-25 14:00:00,1406.34385648453,[905.64871875],0.5006169108732919
2014-11-25 15:00:00,1560.01520316263,[959.04269839],0.5005040015504446
2014-11-25 16:00:00,1749.16127025107,[656.16053924],0.500365835028756
2014-11-25 17:00:00,1251.60210771794,[2253.27338873],0.5004163736926679
2014-11-25 18:00:00,7.44149098442728,[2048.78397244],0.5003639208081037
2014-11-25 19:00:00,541.473471439582,[1407.88463688],0.5003630286435724
2014-11-25 20:00:00,1465.20126114397,[1682.65371803],0.5002616259004216
2014-11-25 21:00:00,1210.0707384184698,[1283.83920403],0.5001995020835326
2014-11-25 22:00:00,622.630051911865,[2928.43198304],0.5002892255849929
2014-11-25 23:00:00,1070.67302793747,[992.7068764],0.5002872406114722
2014-11-26 00:00:00,616.738598389791,[1405.58226231],0.5003343372567316
2014-11-26 01:00:00,1199.58167202514,[1559.25360899],0.5003883453863189
2014-11-26 02:00:00,171.023469333781,[1748.39967607],0.5004836564892536
2014-11-26 03:00:00,1185.29043435134,[1250.84051354],0.5003962173354021
2014-11-26 04:00:00,1070.58151675314,[6.67989681],0.5002128551689374
2014-11-26 05:00:00,916.172629322131,[540.71187726],0.5001437025911512
2014-11-26 06:00:00,841.874616575041,[1464.43966697],0.5001211727587949
2014-11-26 07:00:00,934.8365387006199,[1209.30914424],0.50011580597412
2014-11-26 08:00:00,350.694975382594,[621.86845774],0.4999067395654695
2014-11-26 09:00:00,614.740170052659,[1069.91143376],0.4999143417397205
2014-11-26 10:00:00,1028.06624106714,[615.97700421],0.49984623394398553
2014-11-26 11:00:00,1236.19844265139,[1198.82007785],0.49980815646569554
2014-11-26 12:00:00,620.115887825795,[170.26187516],0.4996751622506278
2014-11-26 13:00:00,414.92097878872704,[1184.52884018],0.4996634374363079
2014-11-26 14:00:00,-105.319465175614,[1069.81992258],0.49976466934790054
2014-11-26 15:00:00,-466.77950932630404,[915.41103515],0.4998025540561264
2014-11-26 16:00:00,-139.115108346691,[841.1130224],0.499741851335913
2014-11-26 17:00:00,1022.35695365321,[934.07494452],0.49971348636945845
2014-11-26 18:00:00,686.9453175727571,[349.93338127],0.49969920377338606
2014-11-26 19:00:00,50.565330484052105,[613.97857594],0.49965854199635285
2014-11-26 20:00:00,-120.712213472109,[1027.30464695],0.4996978336801091
2014-11-26 21:00:00,-166.766246528158,[1235.43684848],0.49969622114138323
2014-11-26 22:00:00,621.10548597963,[619.35429365],0.4997489286950394
2014-11-26 23:00:00,-179.443021942239,[414.15938461],0.4996786958056747
2014-11-27 00:00:00,678.209108286483,[106.08105935],0.4995992918632316
2014-11-27 01:00:00,271.234649483577,[467.54110344],0.4995614498083516
2014-11-27 02:00:00,610.9616585309391,[139.87670252],0.499509340339921
2014-11-27 03:00:00,-718.061288972973,[1021.59535954],0.4995129607039338
2014-11-27 04:00:00,-241.017968338217,[686.1837234],0.49954877314283475
2014-11-27 05:00:00,-809.4550921380742,[49.80373631],0.4995128552037854
2014-11-27 06:00:00,21.8173312358069,[121.47380765],0.49944045517978963
2014-11-27 07:00:00,-300.273759605866,[167.52784064],0.499351244195099
2014-11-27 08:00:00,-576.918220241316,[620.3438918],0.49935179271557795
2014-11-27 09:00:00,412.607430419443,[180.20461612],0.49934408180956
2014-11-27 10:00:00,-348.793539989678,[677.44751411],0.4993992667678542
2014-11-27 11:00:00,70.0820033594904,[270.47305531],0.49939055370023366
2014-11-27 12:00:00,-89.93417444844,[610.20006441],0.4994375443029546
2014-11-27 13:00:00,-1042.57132824295,[718.82288315],0.49940544800415254
2014-11-27 14:00:00,-977.318037689472,[241.77956251],0.49937212864985336
2014-11-27 15:00:00,-613.74404731,[810.21668631],0.49944449307469896
2014-11-27 16:00:00,-1335.51723411709,[21.05573706],0.49945253893624786
2014-11-27 17:00:00,-350.936668625298,[301.03535378],0.49947364627559543
2014-11-27 18:00:00,-1471.1043366213198,[577.67981442],0.4994701625300386
2014-11-27 19:00:00,226.01149162004,[411.84583624],0.49949782111318264
2014-11-27 20:00:00,-1048.9883518433098,[349.55513417],0.4994709771705649
2014-11-27 21:00:00,222.38279516384102,[69.32040918],0.4994649598927
2014-11-27 22:00:00,-1027.6359531674302,[90.69576851],0.4994266048593913
2014-11-27 23:00:00,-1370.70525990482,[1043.33292242],0.499452281513012
2014-11-28 00:00:00,-791.203570759413,[978.07963187],0.4995203461051183
2014-11-28 01:00:00,-797.938332293231,[614.50564149],0.49950041164446124
2014-11-28 02:00:00,-1812.9656106599398,[1336.27882829],0.49962712373272644
2014-11-28 03:00:00,-200.825271841133,[351.6982628],0.49963755081706107
2014-11-28 04:00:00,-1486.68911552971,[1471.8659308],0.4997225802983858
2014-11-28 05:00:00,-625.859936145337,[225.24989744],0.4997111769075948
2014-11-28 06:00:00,-528.772272927635,[1049.74994602],0.49977927689434265
2014-11-28 07:00:00,-734.3745530086252,[221.62120099],0.4998021135291568
2014-11-28 08:00:00,-878.7177788796422,[1028.39754734],0.499896123685834
2014-11-28 09:00:00,-682.013241130603,[1371.46685408],0.4999255747972382
2014-11-28 10:00:00,-1418.56755963486,[791.96516494],0.4999068491826131
2014-11-28 11:00:00,-1247.59840247872,[798.69992647],0.4999267254407347
2014-11-28 12:00:00,-1414.8821075885598,[1813.72720484],0.49996922444378755
2014-11-28 13:00:00,195.60339467138698,[201.58686602],0.4999603619953342
2014-11-28 14:00:00,167.538370738003,[1487.45070971],0.4999569988550364
2014-11-28 15:00:00,-539.773513495355,[626.62153032],0.5000015963855376
2014-11-28 16:00:00,-1398.8770318248596,[529.5338671],0.49995041120980765
2014-11-28 17:00:00,-645.611012817892,[735.13614718],0.5000063052577156
2014-11-28 18:00:00,278.832575359915,[879.47937306],0.499990888993856
2014-11-28 19:00:00,-864.874154317807,[682.77483525],0.499918815315588
2014-11-28 20:00:00,-79.3951370485814,[1419.32915381],0.4999820807194826
2014-11-28 21:00:00,-1091.92736323513,[1248.35999666],0.5000281041784778
2014-11-28 22:00:00,-72.3487648794106,[1415.64370176],0.4999805994037011
2014-11-28 23:00:00,-1006.34340418082,[194.8418005],0.4999863711681134
2014-11-29 00:00:00,-1129.30717629885,[166.77677656],0.4998501935099181
2014-11-29 01:00:00,-925.1243962950459,[540.53510767],0.4998434345579035
2014-11-29 02:00:00,-830.2416589787862,[1399.638626],0.49993374518658396
2014-11-29 03:00:00,-809.437755697613,[646.37260699],0.49992599795627435
2014-11-29 04:00:00,213.352923307553,[278.07098118],0.49986566036473956
2014-11-29 05:00:00,-136.32336396362498,[865.63574843],0.49988528579159897
2014-11-29 06:00:00,-318.847375674023,[80.15673122],0.49974633704127513
2014-11-29 07:00:00,-719.0261396747818,[1092.68895741],0.4997259653569144
2014-11-29 08:00:00,-625.476701378563,[73.11035906],0.49958769916671997
2014-11-29 09:00:00,-425.828733654262,[1007.10499836],0.499673534689112
2014-11-29 10:00:00,-579.739843111098,[1130.06877048],0.49977661056903533
2014-11-29 11:00:00,-127.77336602557101,[925.88599047],0.49981796214928964
2014-11-29 12:00:00,471.90051518588797,[831.00325316],0.49975329346407316
2014-11-29 13:00:00,-447.71624721155604,[810.19934987],0.4997709737564313
2014-11-29 14:00:00,1176.48534541054,[212.59132913],0.49976978551650086
2014-11-29 15:00:00,-409.199749177149,[137.08495808],0.4996949470445775
2014-11-29 16:00:00,367.68188640799,[319.60896985],0.49972637700718137
2014-11-29 17:00:00,1884.6171613600304,[719.78773385],0.4996837668007509
2014-11-29 18:00:00,1070.2773550137802,[626.2382955],0.49974717106834454
2014-11-29 19:00:00,455.013983669582,[426.59032771],0.49968384218977613
2014-11-29 20:00:00,152.77004416987,[580.50143723],0.4996215940995973
2014-11-29 21:00:00,1069.28397215783,[128.53496014],0.4995379722081107
2014-11-29 22:00:00,778.178772896322,[471.13892107],0.49949825848330065
2014-11-29 23:00:00,624.6327781931141,[448.47784133],0.4994583844053234
2014-11-30 00:00:00,1094.52273079205,[1175.72375129],0.4995647929829694
2014-11-30 01:00:00,678.052252527246,[409.96134329],0.4995989608232835
2014-11-30 02:00:00,2598.2033212461497,[366.92029223],0.4996076656248085
2014-11-30 03:00:00,2079.60938509462,[1883.85556718],0.4997385216582625
2014-11-30 04:00:00,1606.4693087088199,[1069.51576084],0.49978670814070136
2014-11-30 05:00:00,1625.88604125392,[454.25238949],0.4997924191006543
2014-11-30 06:00:00,941.513695095782,[152.00844999],0.4997490351655337
2014-11-30 07:00:00,1843.13400524948,[1068.52237798],0.49985517251268574
2014-11-30 08:00:00,1170.10451519959,[777.41717872],0.49989072790242917
2014-11-30 09:00:00,835.969771385723,[623.87118402],0.4999125690501427
2014-11-30 10:00:00,2599.3375672709303,[1093.76113662],0.4999008202664602
2014-11-30 11:00:00,990.9630985650841,[677.29065835],0.4999334037032924
2014-11-30 12:00:00,1418.60759411371,[2597.44172707],0.5001768212991922
2014-11-30 13:00:00,1280.3436253224302,[2078.84779092],0.5001871805504685
2014-11-30 14:00:00,1134.09418889899,[1605.70771453],0.5002413242641399
2014-11-30 15:00:00,2096.51062057061,[1625.12444708],0.5003651557957551
2014-11-30 16:00:00,889.3543041076331,[940.75210092],0.5004547442621139
2014-11-30 17:00:00,1713.7741771664096,[1842.37241107],0.5005299176179634
2014-11-30 18:00:00,1540.50630459599,[1169.34292102],0.500574132970786
2014-11-30 19:00:00,1101.00911597657,[835.20817721],0.5006014889363694
2014-11-30 20:00:00,1922.0022829577802,[2598.57597309],0.5007284736890338
2014-11-30 21:00:00,1748.2728938983496,[990.20150439],0.5007658922767552
2014-11-30 22:00:00,1690.4486562276502,[1417.84599994],0.5006370030889971
2014-11-30 23:00:00,2656.00027290018,[1279.58203115],0.5005506381885967
2014-12-01 00:00:00,2424.6480299023497,[1133.33259472],0.500500710058448
2014-12-01 01:00:00,2088.44877774902,[2095.74902639],0.500536346224816
2014-12-01 02:00:00,2264.3463498187307,[888.59270993],0.5005340101223875
2014-12-01 03:00:00,1764.05947387864,[1713.01258299],0.5005134579125956
2014-12-01 04:00:00,2106.7297275734804,[1539.74471042],0.5005496416690118
2014-12-01 05:00:00,2900.94855180296,[1100.2475218],0.5005801182726246
2014-12-01 06:00:00,2261.40178436487,[1921.24068878],0.5004967677574175
2014-12-01 07:00:00,2386.52616359603,[1747.51129972],0.5005707854435713
2014-12-01 08:00:00,3505.00001536672,[1689.68706205],0.5005939346905989
2014-12-01 09:00:00,1907.7675877177105,[2655.23867872],0.5007046968990376
2014-12-01 10:00:00,2904.5754281302197,[2423.88643573],0.5008093882751712
2014-12-01 11:00:00,3405.8183574436603,[2087.68718357],0.5007935016260062
2014-12-01 12:00:00,1727.4034007593,[2263.58475564],0.500907777022676
2014-12-01 13:00:00,2373.21423464731,[1763.2978797],0.5009063044445698
2014-12-01 14:00:00,2136.6012190670604,[2105.9681334],0.5009453666496473
2014-12-01 15:00:00,2078.98238330764,[2900.18695763],0.5010653929957483
2014-12-01 16:00:00,1750.8583626164002,[2260.64019019],0.5010757458500814
2014-12-01 17:00:00,1836.82323402465,[2385.76456942],0.501108266041675
2014-12-01 18:00:00,3112.1036482367604,[3504.23842119],0.5011807471419079
2014-12-01 19:00:00,2706.0877122771303,[1907.00599354],0.501110599370114
2014-12-01 20:00:00,2804.59804762494,[2903.81383395],0.5011069644480735
2014-12-01 21:00:00,3255.53495758536,[3405.05676327],0.5011439970072538
2014-12-01 22:00:00,2105.99321240295,[1726.64180658],0.5011007490631194
2014-12-01 23:00:00,2789.2614692167,[2372.45264047],0.5011293637606543
2014-12-02 00:00:00,2253.5186346630107,[2135.83962489],0.5011208996421406
2014-12-02 01:00:00,1973.69780911131,[2078.22078913],0.5010499936488706
2014-12-02 02:00:00,2795.99387763268,[1750.09676844],0.501009689017299
2014-12-02 03:00:00,2247.26071960373,[1836.06163985],0.5009650019030266
2014-12-02 04:00:00,1570.15189821639,[3111.34205406],0.5008979964048609
2014-12-02 05:00:00,2032.3476686540805,[2705.3261181],0.5009334117663146
2014-12-02 06:00:00,3028.1556427065398,[2803.83645345],0.5009018613480354
2014-12-02 07:00:00,2806.6849167177,[3254.77336341],0.5008546498478517
2014-12-02 08:00:00,1220.20843239221,[2105.23161823],0.5008743962146052
2014-12-02 09:00:00,2104.03816204559,[2788.49987504],0.5008815533201949
2014-12-02 10:00:00,2513.41021489859,[2252.75704049],0.5008811905068733
2014-12-02 11:00:00,1015.5186995858,[1972.93621494],0.5008709535632967
2014-12-02 12:00:00,2769.62087837081,[2795.23228346],0.5009195858655279
2014-12-02 13:00:00,1577.2537748353302,[2246.49912543],0.5009386959517235
2014-12-02 14:00:00,2021.1023342128601,[1569.39030404],0.500840409316818
2014-12-02 15:00:00,1699.52680160984,[2031.58607448],0.5007930672260634
2014-12-02 16:00:00,2702.2779682545497,[3027.39404853],0.5007849814894811
2014-12-02 17:00:00,854.2507207401801,[2805.92332254],0.5007405104852864
2014-12-02 18:00:00,1595.37213710036,[1219.44683822],0.5006880967250957
2014-12-02 19:00:00,999.125904761737,[2103.27656787],0.500641309330184
2014-12-02 20:00:00,1827.51139923948,[2512.64862072],0.5006485456325016
2014-12-02 21:00:00,2856.775273746789,[1014.75710541],0.5005919190133987
2014-12-02 22:00:00,595.582963902472,[2768.85928419],0.5005781795483821
2014-12-02 23:00:00,1404.96853043548,[1576.49218066],0.5005376199784166
2014-12-03 00:00:00,1304.69078503102,[2020.34074004],0.500563136182282
2014-12-03 01:00:00,2252.6893485458,[1698.76520743],0.5005426243524851
2014-12-03 02:00:00,710.8881695591631,[2701.51637408],0.5005125698943105
2014-12-03 03:00:00,1533.9642932149698,[853.48912656],0.5003949938527967
2014-12-03 04:00:00,2192.55728190252,[1594.61054292],0.5004184864693005
2014-12-03 05:00:00,984.681488065877,[998.36431059],0.5003521384511782
2014-12-03 06:00:00,670.717881525057,[1826.74980506],0.5003083946238076
2014-12-03 07:00:00,941.9280245766839,[2856.01367957],0.500412763469765
2014-12-03 08:00:00,1282.93454766068,[594.82136973],0.5002814835742333
2014-12-03 09:00:00,337.414043868903,[1404.20693626],0.5002714932600514
2014-12-03 10:00:00,1840.87838818198,[1303.92919085],0.5002279979539825
2014-12-03 11:00:00,840.506010087806,[2251.92775437],0.500258813622438
2014-12-03 12:00:00,-928.4579915908321,[710.12657538],0.5001373943977825
2014-12-03 13:00:00,85.807822574279,[1533.20269904],0.5001793370845093
2014-12-03 14:00:00,1607.28241878509,[2191.79568779],0.5002135079328835
2014-12-03 15:00:00,68.69799428485341,[983.91989389],0.5002140549362668
2014-12-03 16:00:00,540.238509006178,[669.95628741],0.5001437217031344
2014-12-03 17:00:00,580.6239036817279,[941.16643046],0.5000249455840895
2014-12-03 18:00:00,-432.00517313825895,[1282.17295348],0.5000681481829932
2014-12-03 19:00:00,759.178568824829,[336.65244969],0.5000032433344908
2014-12-03 20:00:00,676.74555074456,[1840.11679401],0.5000354018468307
2014-12-03 21:00:00,1494.88912685858,[839.74441591],0.4999472613552244
2014-12-03 22:00:00,959.9881006501961,[929.21958577],0.49996170990765887
2014-12-03 23:00:00,359.5317615431061,[85.04622846],0.49987331760603837
2014-12-04 00:00:00,226.482605935651,[1606.52082461],0.4998348414934142
2014-12-04 01:00:00,599.061056405629,[67.93640017],0.49978068910046125
2014-12-04 02:00:00,-316.368679458347,[539.47691483],0.49977388200634865
2014-12-04 03:00:00,239.29277484562303,[579.86230951],0.4997522649389601
2014-12-04 04:00:00,356.15383040847604,[432.76676725],0.49970040712248187
2014-12-04 05:00:00,445.28225507774596,[758.41697477],0.4997274453516706
2014-12-04 06:00:00,-576.1650950620681,[675.98395657],0.49965412876858994
2014-12-04 07:00:00,934.577539103735,[1494.12753268],0.4996939510857453
2014-12-04 08:00:00,463.30617634236506,[959.22650653],0.4996953720519173
2014-12-04 09:00:00,1510.0520099229998,[358.77016749],0.49971512286777797
2014-12-04 10:00:00,-1106.6564662666099,[225.72101176],0.4996298807080999
2014-12-04 11:00:00,-354.187142961717,[598.29946223],0.4996646389779077
2014-12-04 12:00:00,-1032.7606011566802,[317.13027363],0.4996528385768435
2014-12-04 13:00:00,-280.076338332059,[238.53118067],0.4996339375207698
2014-12-04 14:00:00,142.381643485799,[355.39223623],0.4996311304940185
2014-12-04 15:00:00,957.8164897794052,[444.52066096],0.49961266762526846
2014-12-04 16:00:00,-315.75986092712895,[576.92668918],0.4996071456594149
2014-12-04 17:00:00,-765.216789884308,[933.81594493],0.49957041086265774
2014-12-04 18:00:00,-239.431594769793,[462.54458217],0.4995399119938272
2014-12-04 19:00:00,310.562085117934,[1509.29041575],0.4996117803257134
2014-12-04 20:00:00,54.529526446450994,[1107.41806044],0.4996674816862523
2014-12-04 21:00:00,731.926467026971,[354.94873726],0.49965380115014824
2014-12-04 22:00:00,-215.959165786555,[1033.52219533],0.4996993362724682
2014-12-04 23:00:00,-1003.2444398081799,[280.83793251],0.49970449753433044
2014-12-05 00:00:00,545.553829415504,[141.62004931],0.4996938574370664
2014-12-05 01:00:00,-660.0804483359179,[957.05489566],0.4997265266119586
2014-12-05 02:00:00,379.137374572619,[316.5214551],0.49971178702310803
2014-12-05 03:00:00,336.879106629626,[765.978384],0.499701000182463
2014-12-05 04:00:00,272.78569662904897,[240.19318895],0.49968910146853907
2014-12-05 05:00:00,1096.3991197553999,[309.80049094],0.4996133999056527
2014-12-05 06:00:00,-19.0291370227719,[53.76793233],0.49954910877359304
2014-12-05 07:00:00,-646.612408341556,[731.16487285],0.4995732820715001
2014-12-05 08:00:00,196.87919442145198,[216.72075996],0.499523122561187
2014-12-05 09:00:00,53.5321490271335,[1004.00603398],0.49956876470063283
2014-12-05 10:00:00,599.150165786619,[544.79223524],0.49959571400063774
2014-12-05 11:00:00,1224.99191372673,[660.84204245],0.4995765791933686
2014-12-05 12:00:00,-772.875816531429,[378.37578046],0.4995822495185438
2014-12-05 13:00:00,208.15799492876098,[336.11751245],0.4995560759948994
2014-12-05 14:00:00,416.606274590297,[272.02410245],0.4995604113637607
2014-12-05 15:00:00,742.032456497375,[1095.63752546],0.4996103475866023
2014-12-05 16:00:00,49.0887910482998,[19.79073114],0.49961199041438253
2014-12-05 17:00:00,737.051534110415,[647.37400246],0.49960673374987596
2014-12-05 18:00:00,778.451799867098,[196.1176003],0.4996080061250636
2014-12-05 19:00:00,593.964735428309,[52.77055491],0.49954964178876826
2014-12-05 20:00:00,577.335094709622,[598.38857173],0.49955340322158104
2014-12-05 21:00:00,1568.6102516396695,[1224.23031955],0.49958849616670953
2014-12-05 22:00:00,1152.15998592253,[773.63741071],0.499614030548704
2014-12-05 23:00:00,1963.3604171085801,[207.39640075],0.4996080483948755
2014-12-06 00:00:00,702.41908629056,[415.84468041],0.4996187236552566
2014-12-06 01:00:00,181.18749963902096,[741.27086232],0.4995952235865031
2014-12-06 02:00:00,739.058058067301,[48.32719687],0.49960054872850945
2014-12-06 03:00:00,1087.50545725764,[736.28993993],0.4996061418243376
2014-12-06 04:00:00,946.8246944765241,[777.69020569],0.4996440833048156
2014-12-06 05:00:00,902.746316996832,[593.20314125],0.49968019185820434
2014-12-06 06:00:00,272.999007694511,[576.57350053],0.4996792992744786
2014-12-06 07:00:00,793.430075002901,[1567.84865746],0.49970037112385146
2014-12-06 08:00:00,676.6302061317849,[1151.39839175],0.49972438921173656
2014-12-06 09:00:00,1566.9157893291401,[1962.59882293],0.4998393737843523
2014-12-06 10:00:00,1648.90394302708,[701.65749211],0.49985889339799805
2014-12-06 11:00:00,2415.62418040165,[180.42590546],0.49982375498473364
2014-12-06 12:00:00,1371.56051813256,[738.29646389],0.49987010115268626
2014-12-06 13:00:00,2187.37346858853,[1086.74386308],0.4998931465423124
2014-12-06 14:00:00,1404.07964247672,[946.0631003],0.4999044357703709
2014-12-06 15:00:00,852.2501724395889,[901.98472282],0.4999253528882659
2014-12-06 16:00:00,2064.28445665903,[272.23741352],0.4999066741719085
2014-12-06 17:00:00,1559.9612883256198,[792.66848083],0.4998547407254844
2014-12-06 18:00:00,1432.83968602091,[675.86861196],0.4998231324950163
2014-12-06 19:00:00,1537.37847092896,[1566.15419515],0.4997948819711364
2014-12-06 20:00:00,2686.29838526066,[1648.14234885],0.49985761921307326
2014-12-06 21:00:00,3028.82175221956,[2414.86258623],0.5000064122178447
2014-12-06 22:00:00,2751.1629337218897,[1370.79892396],0.5000486274159707
2014-12-06 23:00:00,2049.7739758972502,[2186.61187441],0.5001203259614724
2014-12-07 00:00:00,1491.61242294164,[1403.3180483],0.5001509157376065
2014-12-07 01:00:00,2450.5411893650603,[851.48857826],0.5001484422921665
2014-12-07 02:00:00,3029.2735199314698,[2063.52286248],0.5002673765084438
2014-12-07 03:00:00,2917.1613645190196,[1559.19969415],0.500318935103643
2014-12-07 04:00:00,2657.88656714715,[1432.07809184],0.5003704656825203
2014-12-07 05:00:00,2651.73186381072,[1536.61687675],0.5003683277589065
2014-12-07 06:00:00,2068.79703313771,[2685.53679108],0.5004313849242144
2014-12-07 07:00:00,2875.1475686829804,[3028.06015804],0.5004614281353066
2014-12-07 08:00:00,2689.7673408594897,[2750.40133955],0.5005440117400631
2014-12-07 09:00:00,2739.28134054012,[2049.01238172],0.5005324440839203
2014-12-07 10:00:00,2620.3950697433497,[1490.85082877],0.5005387353571098
2014-12-07 11:00:00,2094.28189851452,[2449.77959519],0.5006376006639386
2014-12-07 12:00:00,2465.48775392424,[3028.51192576],0.5006868149343615
2014-12-07 13:00:00,3303.8382751101194,[2916.39977034],0.5007614149968357
2014-12-07 14:00:00,2907.51099599718,[2657.12497297],0.5008298889555686
2014-12-07 15:00:00,2924.64256292211,[2650.97026963],0.5008905553846617
2014-12-07 16:00:00,2835.3835494475798,[2068.03543896],0.5008493191107433
2014-12-07 17:00:00,3800.74631746961,[2874.38597451],0.5008275237239106
2014-12-07 18:00:00,3009.37615634496,[2689.00574668],0.500814548023943
2014-12-07 19:00:00,3169.10120737536,[2738.51974636],0.5008470071017219
2014-12-07 20:00:00,3131.2827792843395,[2619.63347557],0.5009072797254898
2014-12-07 21:00:00,2492.95524342789,[2093.52030434],0.5008833123695368
2014-12-07 22:00:00,3039.9200595409893,[2464.72615975],0.5008431460128646
2014-12-07 23:00:00,3854.57265349912,[3303.07668093],0.5008483079509325
2014-12-08 00:00:00,3377.3617372513104,[2906.74940182],0.5008516918181822
2014-12-08 01:00:00,2258.86486765416,[2923.88096875],0.5008562477011582
2014-12-08 02:00:00,3170.9138612266497,[2834.62195527],0.5008905082470099
2014-12-08 03:00:00,3462.0755032870397,[3799.98472329],0.5009163428834958
2014-12-08 04:00:00,3090.63686843286,[3008.61456217],0.5009219191404712
2014-12-08 05:00:00,3599.039357935329,[3168.3396132],0.5009311292607143
2014-12-08 06:00:00,3033.73973479068,[3130.52118511],0.5009452744628764
2014-12-08 07:00:00,2511.58996700982,[2492.19364925],0.500961689822408
2014-12-08 08:00:00,3558.93620735387,[3039.15846536],0.5009803572595026
2014-12-08 09:00:00,3275.8155057857507,[3853.81105932],0.5009829477093045
2014-12-08 10:00:00,3432.47512925335,[3376.60014308],0.5009904040319333
2014-12-08 11:00:00,3714.89872649159,[2258.10327348],0.500953668930304
2014-12-08 12:00:00,3202.70876266487,[3170.15226705],0.5009580234727631
2014-12-08 13:00:00,2107.17352787109,[3461.31390911],0.5009240132080011
2014-12-08 14:00:00,3124.01452774898,[3089.87527426],0.5009172639962668
2014-12-08 15:00:00,2064.97851158647,[3598.27776376],0.5009205670877838
2014-12-08 16:00:00,2697.09230768103,[3032.97814061],0.5009062834875021
2014-12-08 17:00:00,3550.8784102045092,[2510.82837283],0.5009033725331434
2014-12-08 18:00:00,1944.7802209495605,[3558.17461318],0.5009121126896798
2014-12-08 19:00:00,2997.11585140224,[3275.05391161],0.5008727688705689
2014-12-08 20:00:00,2545.368545121,[3431.71353508],0.500862072850822
2014-12-08 21:00:00,2696.1651244428,[3714.13713232],0.5009124929240129
2014-12-08 22:00:00,3418.51553893617,[3201.94716849],0.5009037622298541
2014-12-08 23:00:00,3076.8740590947496,[2106.41193369],0.5008415061272986
2014-12-09 00:00:00,3536.60892640176,[3123.25293357],0.5008345155311853
2014-12-09 01:00:00,2064.64422503745,[2064.21691741],0.5007647473197212
2014-12-09 02:00:00,2181.84755115454,[2696.3307135],0.5007454243416081
2014-12-09 03:00:00,2209.49101030364,[3550.11681603],0.5007800126420647
2014-12-09 04:00:00,2537.76290912664,[1944.01862677],0.5007081876617534
2014-12-09 05:00:00,1979.8040746044198,[2996.35425723],0.5006897847105594
2014-12-09 06:00:00,2043.68520329445,[2544.60695094],0.5006477356216069
2014-12-09 07:00:00,1907.56988076555,[2695.40353027],0.5005991467573117
2014-12-09 08:00:00,2795.0032098555603,[3417.75394476],0.5006002074935134
2014-12-09 09:00:00,2715.61883400009,[3076.11246492],0.5006368832108493
2014-12-09 10:00:00,2885.51070689778,[3535.84733223],0.5006451566398773
2014-12-09 11:00:00,3868.76583357265,[2063.88263086],0.5006451213411509
2014-12-09 12:00:00,2140.48076739579,[2181.08595698],0.500622368828292
2014-12-09 13:00:00,2602.52551955204,[2208.72941613],0.5005637482511307
2014-12-09 14:00:00,4078.32432365898,[2537.00131495],0.5005873087399899
2014-12-09 15:00:00,2428.98890558623,[1979.04248043],0.5005435145544753
2014-12-09 16:00:00,2006.38195283312,[2042.92360912],0.5005217364276344
2014-12-09 17:00:00,1421.7387842417804,[1906.80828659],0.500487838723692
2014-12-09 18:00:00,1622.57364647509,[2794.24161568],0.500457748353969
2014-12-09 19:00:00,896.703623365628,[2714.85723982],0.5004395419078175
2014-12-09 20:00:00,914.6121040469039,[2884.74911272],0.5004082303271384
2014-12-09 21:00:00,1553.83796815765,[3868.0042394],0.5004761258840622
2014-12-09 22:00:00,1931.4101934514001,[2139.71917322],0.5004740436108794
2014-12-09 23:00:00,1716.44449859495,[2601.76392538],0.5004887032691864
2014-12-10 00:00:00,1412.2964301137195,[4077.56272948],0.5005418727578824
2014-12-10 01:00:00,518.359224148702,[2428.22731141],0.5005593497360269
2014-12-10 02:00:00,1934.3958202240399,[2005.62035866],0.5005580400965596
2014-12-10 03:00:00,1768.4147971808102,[1420.97719007],0.5005391238808933
2014-12-10 04:00:00,2404.90472028252,[1621.8120523],0.5004910427273614
2014-12-10 05:00:00,305.994650250352,[895.94202919],0.5004160936678268
2014-12-10 06:00:00,1187.92091098465,[913.85050987],0.5003344650116452
2014-12-10 07:00:00,2347.2905398222197,[1553.07637398],0.500237478514898
2014-12-10 08:00:00,1338.13151606114,[1930.64859928],0.5002285058977223
2014-12-10 09:00:00,2045.04646210845,[1715.68290442],0.5001911624390848
2014-12-10 10:00:00,1525.15509528303,[1411.53483594],0.5000784388607975
2014-12-10 11:00:00,1226.58319222108,[517.59762997],0.49999825365159023
2014-12-10 12:00:00,1647.7051908743601,[1933.63422605],0.49999462716207244
2014-12-10 13:00:00,6.03021962734874,[1767.653203],0.5000090143110022
2014-12-10 14:00:00,833.8592760974042,[2404.14312611],0.5000413145084586
2014-12-10 15:00:00,1359.00052873315,[305.23305607],0.5000172754829515
2014-12-10 16:00:00,1760.89655715904,[1187.15931681],0.5000292150178769
2014-12-10 17:00:00,1391.02575359759,[2346.52894565],0.5000621187039007
2014-12-10 18:00:00,1023.05774196515,[1337.36992188],0.5000369433680307
2014-12-10 19:00:00,1555.43786076149,[2044.28486793],0.5000504146231218
2014-12-10 20:00:00,864.195132983844,[1524.39350111],0.5000552639532816
2014-12-10 21:00:00,179.292266841893,[1225.82159804],0.5000860906292921
2014-12-10 22:00:00,796.11783661396,[1646.9435967],0.50007365948859
2014-12-10 23:00:00,694.694645295961,[5.26862545],0.49999903862496753
2014-12-11 00:00:00,992.581997072677,[833.09768192],0.4999318833871019
2014-12-11 01:00:00,533.310487654928,[1358.23893456],0.49997728450090617
2014-12-11 02:00:00,1130.85603222544,[1760.13496298],0.5000016860018598
2014-12-11 03:00:00,1951.90885892975,[1390.26415942],0.4999601836543427
2014-12-11 04:00:00,-337.329723209752,[1022.29614779],0.49994679213534543
2014-12-11 05:00:00,1062.66776029524,[1554.67626659],0.49992516007333776
2014-12-11 06:00:00,285.499816110168,[863.43353887],0.4998967289855024
2014-12-11 07:00:00,338.172687018297,[178.53067255],0.49985247326614857
2014-12-11 08:00:00,-363.801429982064,[795.35624244],0.4998156932199578
2014-12-11 09:00:00,558.117485193477,[693.93305112],0.4998463303620867
2014-12-11 10:00:00,913.1245462978328,[991.8204029],0.49985340329145456
2014-12-11 11:00:00,-121.879750726135,[532.54889354],0.4998180405434197
2014-12-11 12:00:00,1875.7427840976002,[1130.09443805],0.4997902444953257
2014-12-11 13:00:00,291.780418841478,[1951.14726481],0.499814020685996
2014-12-11 14:00:00,-593.241737008997,[338.09131733],0.4997851196219796
2014-12-11 15:00:00,701.15339037416,[1061.90616612],0.499763307117309
2014-12-11 16:00:00,2175.72121498822,[284.73822199],0.49973915352148013
2014-12-11 17:00:00,1748.57056534504,[337.41109284],0.499747344744228
2014-12-11 18:00:00,1581.6178203535,[364.5630241],0.4997295206895326
2014-12-11 19:00:00,1316.5369759632001,[557.3558909],0.4997241925652044
2014-12-11 20:00:00,1148.6643150202,[912.36295218],0.49972068409126325
2014-12-11 21:00:00,644.764877270683,[122.64134484],0.49970438995561917
2014-12-11 22:00:00,42.2813877603812,[1874.98118998],0.4997362326172291
2014-12-11 23:00:00,-348.66753829583604,[291.01882467],0.49966437612954706
2014-12-12 00:00:00,302.120655198441,[594.00333119],0.49967619477615854
2014-12-12 01:00:00,-19.3942349407007,[700.3917962],0.4996605477516509
2014-12-12 02:00:00,487.6877981341391,[2174.95962081],0.49974300276429096
2014-12-12 03:00:00,1541.1942565424301,[1747.80897117],0.4998045460709385
2014-12-12 04:00:00,628.642266116378,[1580.85622624],0.49985785588982834
2014-12-12 05:00:00,284.77292112332196,[1315.77538179],0.4998913046451088
2014-12-12 06:00:00,663.513964567728,[1147.90272084],0.4999017931151635
2014-12-12 07:00:00,268.33495096707503,[644.00328315],0.4999256773645271
2014-12-12 08:00:00,1805.90812791234,[41.51979358],0.49984560950317514
2014-12-12 09:00:00,491.878708090494,[349.42913241],0.4998492760517488
2014-12-12 10:00:00,1343.3367292279402,[301.35906108],0.49983741684902183
2014-12-12 11:00:00,1822.95132567074,[20.15582906],0.4998089471669994
2014-12-12 12:00:00,2242.9569386954604,[486.92620396],0.49973487442847053
2014-12-12 13:00:00,2705.64474650513,[1540.43266237],0.499724913673705
2014-12-12 14:00:00,600.584858867392,[627.88067194],0.49968299383923764
2014-12-12 15:00:00,2242.7891887604897,[284.01132695],0.49963837630065056
2014-12-12 16:00:00,1423.8569530663501,[662.75237039],0.49961709584836356
2014-12-12 17:00:00,1703.2457333689802,[267.57335679],0.499601683888223
2014-12-12 18:00:00,2723.32900586163,[1805.14653374],0.4996791381442378
2014-12-12 19:00:00,1567.63706829807,[491.11711391],0.49968617476203625
2014-12-12 20:00:00,2387.0688889141297,[1342.57513505],0.4997320042242468
2014-12-12 21:00:00,1989.85501497141,[1822.18973149],0.49981172542151897
2014-12-12 22:00:00,1815.46965607543,[2242.19534452],0.49988936078238844
2014-12-12 23:00:00,2999.06723998854,[2704.88315233],0.49994029539194484
2014-12-13 00:00:00,2093.10730436147,[599.82326469],0.49993972809119347
2014-12-13 01:00:00,2160.82626627939,[2242.02759458],0.5000263722703665
2014-12-13 02:00:00,2758.5809322570008,[1423.09535889],0.5000604232700355
2014-12-13 03:00:00,2948.4453393436797,[1702.48413919],0.5001245957106357
2014-12-13 04:00:00,1922.2622504593398,[2722.56741169],0.500164073821112
2014-12-13 05:00:00,3205.94726026235,[1566.87547412],0.5002124732918335
2014-12-13 06:00:00,2212.19461417263,[2386.30729474],0.500258222063855
2014-12-13 07:00:00,2123.53836997674,[1989.0934208],0.5002654301226523
2014-12-13 08:00:00,1327.48137927415,[1814.7080619],0.5002462144384556
2014-12-13 09:00:00,2678.7364268822103,[2998.30564581],0.5002567736768893
2014-12-13 10:00:00,3009.7362783125,[2092.34571019],0.5003232168286286
2014-12-13 11:00:00,2461.23377603703,[2160.0646721],0.500319003614685
2014-12-13 12:00:00,3669.56684944555,[2757.81933808],0.5003766527375899
2014-12-13 13:00:00,3357.15236327862,[2947.68374517],0.5004293042948917
2014-12-13 14:00:00,3103.87995453468,[1921.50065628],0.5003936437968912
2014-12-13 15:00:00,4166.311929074051,[3205.18566609],0.5004624538210132
2014-12-13 16:00:00,2261.99555462697,[2211.43302],0.5004541556723775
2014-12-13 17:00:00,3369.49356935159,[2122.7767758],0.5004597945153271
2014-12-13 18:00:00,3749.94437171635,[1326.7197851],0.5004390698196995
2014-12-13 19:00:00,2709.967974854311,[2677.97483271],0.5004228625286977
2014-12-13 20:00:00,3193.0624865177,[3008.97468414],0.5004603090098876
2014-12-13 21:00:00,3356.99777873354,[2460.47218186],0.5004723859880584
2014-12-13 22:00:00,3170.5897809539397,[3668.80525527],0.5005057200061933
2014-12-13 23:00:00,3516.7292211845597,[3356.3907691],0.5005184699935952
2014-12-14 00:00:00,3424.3935247066197,[3103.11836036],0.5005659279574931
2014-12-14 01:00:00,3063.05030021189,[4165.5503349],0.5005962733327397
2014-12-14 02:00:00,4041.12625999228,[2261.23396045],0.5005979477492539
2014-12-14 03:00:00,3285.2180098978,[3368.73197518],0.5006454553575349
2014-12-14 04:00:00,3288.73596252136,[3749.18277754],0.5007391799450167
2014-12-14 05:00:00,3974.4360664672,[2709.20638068],0.500738292537247
2014-12-14 06:00:00,4720.939208989171,[3192.30089234],0.5007410751806174
2014-12-14 07:00:00,2705.19779386423,[3356.23618456],0.5007724079080871
2014-12-14 08:00:00,3888.103007562029,[3169.82818678],0.5007469923946173
2014-12-14 09:00:00,4028.81973954332,[3515.96762701],0.5007466437116626
2014-12-14 10:00:00,3832.0535053984004,[3423.63193053],0.5007535805421961
2014-12-14 11:00:00,5346.55807280312,[3062.28870604],0.5007048152996423
2014-12-14 12:00:00,4592.89281621776,[4040.36466582],0.500766196147113
2014-12-14 13:00:00,3548.3325386661604,[3284.45641572],0.5007577410160611
2014-12-14 14:00:00,3506.85402008729,[3287.97436835],0.5007343522190401
2014-12-14 15:00:00,4426.36076515041,[3973.67447229],0.500774617888954
2014-12-14 16:00:00,4489.22951096068,[4720.17761481],0.5008170193040069
2014-12-14 17:00:00,4324.55558595652,[2704.43619969],0.500790095554873
2014-12-14 18:00:00,3545.3292191302203,[3887.34141339],0.5008086067620114
2014-12-14 19:00:00,4222.33735912579,[4028.05814537],0.5008178734653643
2014-12-14 20:00:00,3857.1803056992,[3831.29191122],0.5008247245744848
2014-12-14 21:00:00,4992.51929747015,[5345.79647863],0.5008851833375871
2014-12-14 22:00:00,3388.40733224379,[4592.13122204],0.5008895943390306
2014-12-14 23:00:00,3905.21509941765,[3547.57094449],0.5008928011876282
2014-12-15 00:00:00,3270.2329433105,[3506.09242591],0.5008947057293208
2014-12-15 01:00:00,3283.5217888538104,[4425.59917097],0.5008972808650437
2014-12-15 02:00:00,3852.34116091712,[4488.46791678],0.500875456778417
2014-12-15 03:00:00,3695.7754608438704,[4323.79399178],0.5009195636028674
2014-12-15 04:00:00,3520.6634872742898,[3544.56762495],0.500902020780216
2014-12-15 05:00:00,4711.16037949135,[4221.57576495],0.5008978225970679
2014-12-15 06:00:00,3824.80216472913,[3856.41871152],0.5008910117905163
2014-12-15 07:00:00,4528.33609323723,[4991.75770329],0.5008617968474792
2014-12-15 08:00:00,3143.09921566906,[3387.64573807],0.5008178614474159
2014-12-15 09:00:00,3550.03428070075,[3904.45350524],0.5008225124274608
2014-12-15 10:00:00,2835.89430821802,[3269.47134913],0.5008114844396399
2014-12-15 11:00:00,4485.8910592189395,[3282.76019468],0.5007709078750766
2014-12-15 12:00:00,3021.38282104834,[3851.57956674],0.5007440477450185
2014-12-15 13:00:00,4438.08801259533,[3695.01386667],0.5007186846616132
2014-12-15 14:00:00,2944.9162403076,[3519.9018931],0.5007138914435958
2014-12-15 15:00:00,3437.29720477244,[4710.39878532],0.5007182689222482
2014-12-15 16:00:00,1754.9617907749698,[3824.04057055],0.5007118575670901
2014-12-15 17:00:00,3267.9616295787105,[4527.57449906],0.5006878718966445
2014-12-15 18:00:00,3380.99766718972,[3142.33762149],0.5006781830103726
2014-12-15 19:00:00,2195.3358649613897,[3549.27268652],0.5006634998410422
2014-12-15 20:00:00,3115.5361691461408,[2835.13271404],0.5006490723038028
2014-12-15 21:00:00,3035.8504195129603,[4485.12946504],0.500677738646492
2014-12-15 22:00:00,2107.6359585957102,[3020.62122687],0.5006507562819891
2014-12-15 23:00:00,3679.13960444951,[4437.32641842],0.5006654985534702
2014-12-16 00:00:00,2383.71987824395,[2944.15464613],0.5006468364788867
2014-12-16 01:00:00,2922.83901843421,[3436.5356106],0.5006054189094931
2014-12-16 02:00:00,3336.82934351938,[1754.2001966],0.5005436759848944
2014-12-16 03:00:00,2643.37066702744,[3267.2000354],0.5005035291859242
2014-12-16 04:00:00,3343.9247268939307,[3380.23607301],0.5005084836008293
2014-12-16 05:00:00,2929.9534472240803,[2194.57427079],0.5004679137537935
2014-12-16 06:00:00,3682.73691123604,[3114.77457497],0.5004749490361866
2014-12-16 07:00:00,2360.7671892687,[3035.08882534],0.5004299835604149
2014-12-16 08:00:00,2015.60250661101,[2106.87436442],0.500402764568826
2014-12-16 09:00:00,2862.70293003513,[3678.37801027],0.5003771957126766
2014-12-16 10:00:00,2484.69963716036,[2382.95828407],0.5003602762471632
2014-12-16 11:00:00,2374.685707964,[2922.07742426],0.5003439144491779
2014-12-16 12:00:00,2792.3004562197398,[3336.06774934],0.5003897993500097
2014-12-16 13:00:00,2735.29072764224,[2642.60907285],0.5003706491233939
2014-12-16 14:00:00,2410.15004536247,[3343.16313272],0.5003678244874361
2014-12-16 15:00:00,2725.04759369893,[2929.19185305],0.5003890081574961
2014-12-16 16:00:00,2747.21163712406,[3681.97531706],0.5004033844227296
2014-12-16 17:00:00,2746.1023029023604,[2360.00559509],0.500383268149418
2014-12-16 18:00:00,2777.0923965901093,[2014.84091243],0.5003809443661682
2014-12-16 19:00:00,2924.7295371971004,[2861.94133586],0.500355773488925
2014-12-16 20:00:00,2033.9876437620605,[2483.93804298],0.5003586713208723
2014-12-16 21:00:00,1810.2136006151104,[2373.92411379],0.5003422313726046
2014-12-16 22:00:00,1301.7385282613,[2791.53886204],0.5003253017503952
2014-12-16 23:00:00,1844.49592821827,[2734.52913347],0.5003275681458783
2014-12-17 00:00:00,1396.29359659613,[2409.38845119],0.5002994424433453
2014-12-17 01:00:00,2147.52957778207,[2724.28599952],0.500292799915889
2014-12-17 02:00:00,1748.7585403466699,[2746.45004295],0.5002641526818836
2014-12-17 03:00:00,1500.0763848545098,[2745.34070873],0.5002752325021065
2014-12-17 04:00:00,1216.78046978994,[2776.33080241],0.5002975961870797
2014-12-17 05:00:00,1796.4992630543,[2923.96794302],0.5002987048042765
2014-12-17 06:00:00,1375.60081398627,[2033.22604959],0.5002854160757988
2014-12-17 07:00:00,954.1762825616521,[1809.45200644],0.500268809492896
2014-12-17 08:00:00,836.2772472405321,[1300.97693409],0.5002243794967474
2014-12-17 09:00:00,2293.6877496609804,[1843.73433404],0.5001977062323266
2014-12-17 10:00:00,1217.62081489204,[1395.53200242],0.500167434513854
2014-12-17 11:00:00,1144.37930858418,[2146.76798361],0.5001498884638229
2014-12-17 12:00:00,1401.29686790204,[1747.99694617],0.500119733947264
2014-12-17 13:00:00,1214.66492598767,[1499.31479068],0.5000820569649994
2014-12-17 14:00:00,1275.13539992958,[1216.01887561],0.500034797612297
2014-12-17 15:00:00,1337.73707067267,[1795.73766888],0.5000002981413623
2014-12-17 16:00:00,1153.14076529775,[1374.83921981],0.49998029665717925
2014-12-17 17:00:00,852.168404111228,[953.41468839],0.499954417714467
2014-12-17 18:00:00,1912.38477680678,[835.51565306],0.49994054738250415
2014-12-17 19:00:00,1419.1586068870402,[2292.92615548],0.49995394483349165
2014-12-17 20:00:00,625.837014119352,[1216.85922072],0.49994862523956296
2014-12-17 21:00:00,1953.3916855050602,[1143.61771441],0.4999179356859248
2014-12-17 22:00:00,448.7889696906829,[1400.53527373],0.49990722656304
2014-12-17 23:00:00,1242.12490155378,[1213.90333181],0.49989851786098893
2014-12-18 00:00:00,1313.8368018952099,[1274.37380575],0.4999003822625814
2014-12-18 01:00:00,935.9118590847412,[1336.9754765],0.4998861848869085
2014-12-18 02:00:00,1669.45128976575,[1152.37917112],0.4998794017683845
2014-12-18 03:00:00,620.887674809591,[851.40680993],0.4998765688102166
2014-12-18 04:00:00,2421.8244000355303,[1911.62318263],0.49990971995500333
2014-12-18 05:00:00,1756.58587566229,[1418.39701271],0.4998824538314248
2014-12-18 06:00:00,2561.76275642094,[625.07541994],0.4998645299793948
2014-12-18 07:00:00,1957.7113074810895,[1952.63009133],0.4998894215259687
2014-12-18 08:00:00,601.47324215509,[448.02737551],0.4998603665089495
2014-12-18 09:00:00,2005.79399347447,[1241.36330738],0.4998612459963212
2014-12-18 10:00:00,1914.4125055932896,[1313.07520772],0.49986243177611966
2014-12-18 11:00:00,2283.89420768847,[935.15026491],0.4998500898285997
2014-12-18 12:00:00,2342.83391984427,[1668.68969559],0.49986604087161857
2014-12-18 13:00:00,2010.5124408680106,[620.12608063],0.49985929642329996
2014-12-18 14:00:00,2146.96317849798,[2421.06280586],0.49987477678955006
2014-12-18 15:00:00,1466.55171196052,[1755.82428149],0.4998851408134599
2014-12-18 16:00:00,2783.5956292588007,[2561.00116224],0.49994557344954493
2014-12-18 17:00:00,844.315618798298,[1956.9497133],0.499945471227207
2014-12-18 18:00:00,816.5969699179781,[600.71164798],0.49995083768871984
2014-12-18 19:00:00,1207.50180915942,[2005.0323993],0.49997471497652635
2014-12-18 20:00:00,2552.98005397842,[1913.65091142],0.49999355128351797
2014-12-18 21:00:00,1406.6693313019696,[2283.13261351],0.500035930154961
2014-12-18 22:00:00,1881.78970102944,[2342.07232567],0.5000569718546304
2014-12-18 23:00:00,2206.5554865588,[2009.75084669],0.500101020044262
2014-12-19 00:00:00,1921.86551143264,[2146.20158432],0.5000921620702256
2014-12-19 01:00:00,1027.1956080556802,[1465.79011778],0.5000831744050689
2014-12-19 02:00:00,3001.9419225671995,[2782.83403508],0.5000896595212511
2014-12-19 03:00:00,2320.2215368674397,[843.55402462],0.5000546588881332
2014-12-19 04:00:00,2733.86179633192,[815.83537574],0.5000620051642809
2014-12-19 05:00:00,2478.99156274794,[1206.74021498],0.500036824682132
2014-12-19 06:00:00,2219.30130764127,[2552.2184598],0.5000567987940732
2014-12-19 07:00:00,14321.055902754098,[1405.90773713],0.5000289357193194
2014-12-19 08:00:00,14321.055902754098,[1881.02810685],0.5000140845411118
2014-12-19 09:00:00,14321.055902754098,[2205.79389238],0.5000201158669199
2014-12-19 10:00:00,2082.12614074256,[1921.10391726],0.5000127763055837
2014-12-19 11:00:00,3594.9127078318897,[1026.43401388],0.4999989806148174
2014-12-19 12:00:00,2350.49597741024,[3001.18032839],0.500005312270201
2014-12-19 13:00:00,2955.23796039953,[2319.45994269],0.500052510532562
2014-12-19 14:00:00,2162.58555095252,[2733.10020216],0.5001137197664349
2014-12-19 15:00:00,3473.72749948164,[2478.22996857],0.500154373740852
2014-12-19 16:00:00,3478.90632461562,[2218.53971346],0.5001435112928996
2014-12-19 17:00:00,3028.5060143801397,[14320.29430858],0.5004594005677392
2014-12-19 18:00:00,4167.080587692671,[14320.29430858],0.5006730879642363
2014-12-19 19:00:00,3006.87731018674,[14320.29430858],0.5008269117619792
2014-12-19 20:00:00,3196.0091010527003,[2081.36454657],0.5008312553178831
2014-12-19 21:00:00,4078.770695313,[3594.15111366],0.5008811103510338
2014-12-19 22:00:00,3757.70862004351,[2349.73438323],0.5008689938494894
2014-12-19 23:00:00,4048.33047161558,[2954.47636622],0.500881702267912
2014-12-20 00:00:00,4468.90631942955,[2161.82395678],0.50087136805656
2014-12-20 01:00:00,3803.26521523135,[3472.96590531],0.5008900868851157
2014-12-20 02:00:00,4098.8584139136,[3478.14473044],0.5009140841130086
2014-12-20 03:00:00,3391.12452581293,[3027.7444202],0.5006873953305675
2014-12-20 04:00:00,4098.4841862112,[4166.31899352],0.5004814678327638
2014-12-20 05:00:00,3694.12404741601,[3006.11571601],0.5002548746363991
2014-12-20 06:00:00,4682.69661684651,[3195.24750688],0.500276691172355
2014-12-20 07:00:00,3950.89655058216,[4078.00910114],0.5002848862584159
2014-12-20 08:00:00,4045.9782000873706,[3756.94702587],0.5003118581473147
2014-12-20 09:00:00,4073.84309631186,[4047.56887744],0.5003320940613142
2014-12-20 10:00:00,2919.8461869695598,[4468.14472525],0.5003755499257607
2014-12-20 11:00:00,3580.32482618735,[3802.50362106],0.5003808279147856
2014-12-20 12:00:00,5370.94423088666,[4098.09681974],0.5003913485507289
2014-12-20 13:00:00,4669.44438518241,[3390.36293164],0.5003978283978743
2014-12-20 14:00:00,4315.216395025879,[4097.72259203],0.5003947627567495
2014-12-20 15:00:00,4236.211908858,[3693.36245324],0.5004071876137832
2014-12-20 16:00:00,4270.322660379699,[4681.93502267],0.5004334006353468
2014-12-20 17:00:00,4660.02378405801,[3950.13495641],0.500429407362488
2014-12-20 18:00:00,16218.0736492253,[4045.21660591],0.5004333702883647
2014-12-20 19:00:00,16218.0736492253,[4073.08150214],0.5004321776726239
2014-12-20 20:00:00,16218.0736492253,[2919.08459279],0.5004020315439843
2014-12-20 21:00:00,3776.62336473687,[3579.56323201],0.5003968512075496
2014-12-20 22:00:00,4290.04153509054,[5370.18263671],0.5004171716041339
2014-12-20 23:00:00,4866.72883061404,[4668.68279101],0.5004389690134337
2014-12-21 00:00:00,3731.25164293519,[4314.45480085],0.5004410504946779
2014-12-21 01:00:00,5207.07227844484,[4235.45031468],0.500449478160783
2014-12-21 02:00:00,5317.07235583414,[4269.5610662],0.5004396743667042
2014-12-21 03:00:00,4628.31556289739,[4659.26218988],0.5004504048475097
2014-12-21 04:00:00,4804.76548097596,[16217.31205505],0.5005897557713646
2014-12-21 05:00:00,5448.56849378567,[16217.31205505],0.5006975063812471
2014-12-21 06:00:00,4317.72360135289,[16217.31205505],0.5007990305718322
2014-12-21 07:00:00,4113.85367786989,[3775.86177056],0.5008010440911415
2014-12-21 08:00:00,3989.46300001086,[4289.27994091],0.5007853230656139
2014-12-21 09:00:00,4094.6047729054094,[4865.96723644],0.5007851020175345
2014-12-21 10:00:00,4248.8336870442,[3730.49004876],0.5007769968720972
2014-12-21 11:00:00,4885.2212644125,[5206.31068427],0.5007860395532573
2014-12-21 12:00:00,4101.76059055129,[5316.31076166],0.5007957158925482
2014-12-21 13:00:00,4489.01519873008,[4627.55396872],0.5007931398005327
2014-12-21 14:00:00,4732.0986021256895,[4804.0038868],0.5006430664768453
2014-12-21 15:00:00,3866.7320379987405,[5447.80689961],0.5005009413728838
2014-12-21 16:00:00,5452.43832473031,[4316.96200718],0.5003469261266812
2014-12-21 17:00:00,5370.0330773312,[4113.09208369],0.5003505725596129
2014-12-21 18:00:00,3511.6935447115397,[3988.70140583],0.5003461437122052
2014-12-21 19:00:00,4271.68315413943,[4093.84317873],0.5003355832529326
2014-12-21 20:00:00,4314.581240072729,[4248.07209287],0.5003414316475983
2014-12-21 21:00:00,4610.55104528372,[4884.45967024],0.5003358780733435
2014-12-21 22:00:00,3790.99716416704,[4100.99899637],0.5003197190182156
2014-12-21 23:00:00,4233.694277371939,[4488.25360455],0.5003169752048273
2014-12-22 00:00:00,4888.89037129518,[4731.33700795],0.5003148580345589
2014-12-22 01:00:00,4980.17410100732,[3865.97044382],0.5002943110543963
2014-12-22 02:00:00,4496.58137388924,[5451.67673055],0.5003068067965291
2014-12-22 03:00:00,4525.24855582072,[5369.27148315],0.5003208411879001
2014-12-22 04:00:00,3907.2269939612293,[3510.93195054],0.5003146488877537
2014-12-22 05:00:00,3989.9189553694896,[4270.92155996],0.5003161588588678
2014-12-22 06:00:00,4899.1717195647,[4313.8196459],0.5003162308566813
2014-12-22 07:00:00,4210.42321804483,[4609.78945111],0.5003117589665256
2014-12-22 08:00:00,3726.79277650007,[3790.23556999],0.5003075135614674
2014-12-22 09:00:00,5053.00555176509,[4232.9326832],0.5003036389706341
2014-12-22 10:00:00,3697.34364126443,[4888.12877712],0.5003043637029564
2014-12-22 11:00:00,4665.64070255159,[4979.41250683],0.5003169637443274
2014-12-22 12:00:00,4295.25568190544,[4495.81977971],0.500304147655028
2014-12-22 13:00:00,4128.984547118161,[4524.48696164],0.5002927321497928
2014-12-22 14:00:00,3673.4522533798704,[3906.46539978],0.5002972734176714
2014-12-22 15:00:00,4332.5390380392,[3989.15736119],0.500293315705382
2014-12-22 16:00:00,2789.31207065364,[4898.41012539],0.5002994027955585
2014-12-22 17:00:00,3125.85916492319,[4209.66162387],0.5002938307758089
2014-12-22 18:00:00,3515.90140179193,[3726.03118232],0.5002927728738944
2014-12-22 19:00:00,3701.99204106387,[5052.24395759],0.5003016213593646
2014-12-22 20:00:00,3619.46549258416,[3696.58204709],0.5002866143735314
2014-12-22 21:00:00,3338.4787716148803,[4664.87910838],0.5002817882933415
2014-12-22 22:00:00,3284.21375820861,[4294.49408773],0.5002786695554244
2014-12-22 23:00:00,3684.07826237822,[4128.22295294],0.5002732664877658
2014-12-23 00:00:00,2964.24127611636,[3672.6906592],0.5002701601998791
2014-12-23 01:00:00,2010.7112286698105,[4331.77744386],0.5002737570503661
2014-12-23 02:00:00,3257.15455445825,[2788.55047648],0.5002478543396596
2014-12-23 03:00:00,3714.8827479366496,[3125.09757075],0.5002344653074577
2014-12-23 04:00:00,3734.641739486429,[3515.13980762],0.5002317095482376
2014-12-23 05:00:00,2933.89198512824,[3701.23044689],0.5002147366306487
2014-12-23 06:00:00,3021.82479684122,[3618.70389841],0.5002135730432633
2014-12-23 07:00:00,3903.6757527403997,[3337.71717744],0.5001970393093225
2014-12-23 08:00:00,2582.84504941785,[3283.45216403],0.5001844267973292
2014-12-23 09:00:00,2839.74361256905,[3683.3166682],0.5001786692760247
2014-12-23 10:00:00,3158.7542963724395,[2963.47968194],0.5001698872470678
2014-12-23 11:00:00,2446.57142170338,[2009.94963449],0.5001412400111138
2014-12-23 12:00:00,2510.65462985008,[3256.39296028],0.5001469705449222
2014-12-23 13:00:00,3078.25037212121,[3714.12115376],0.5001540543531147
2014-12-23 14:00:00,2274.8734134107103,[3733.88014531],0.5001565207622733
2014-12-23 15:00:00,2932.5575388873,[2933.13039095],0.5001469587356366
2014-12-23 16:00:00,1917.26340244106,[3021.06320266],0.5001394798788681
2014-12-23 17:00:00,1396.0695218689402,[3902.91415856],0.5001462114979307
2014-12-23 18:00:00,2920.1661551777397,[2582.08345524],0.5001375434051774
2014-12-23 19:00:00,2442.07324956233,[2838.98201839],0.5001270010243559
2014-12-23 20:00:00,2231.86013876791,[3157.9927022],0.5001293628421626
2014-12-23 21:00:00,2150.60060356418,[2445.80982753],0.5001349383382073
2014-12-23 22:00:00,3017.1958582233397,[2509.89303567],0.5001256645588227
2014-12-23 23:00:00,1762.87795199943,[3077.48877794],0.5001176086257015
2014-12-24 00:00:00,2947.0954265442897,[2274.11181923],0.5000993599756185
2014-12-24 01:00:00,1743.16039814948,[2931.79594471],0.5000993023463695
2014-12-24 02:00:00,2255.0850423471397,[1916.50180826],0.5000855285653603
2014-12-24 03:00:00,2190.98432688241,[1395.30792769],0.5000540676947016
2014-12-24 04:00:00,2640.30270152724,[2919.404561],0.5000582472019346
2014-12-24 05:00:00,1236.7762469052802,[2441.31165539],0.5000532262902149
2014-12-24 06:00:00,2122.64830357801,[2231.09854459],0.500041519719503
2014-12-24 07:00:00,2181.93416840701,[2149.83900939],0.5000378071169157
2014-12-24 08:00:00,2585.1980807762893,[3016.43426405],0.5000441222081644
2014-12-24 09:00:00,2912.86953789888,[1762.11635782],0.5000274953372961
2014-12-24 10:00:00,1665.25574889673,[2946.33383237],0.5000359400121208
2014-12-24 11:00:00,2437.2468751645,[1742.39880397],0.5000208733834086
2014-12-24 12:00:00,2509.26157752228,[2254.32344817],0.5000251882063431
2014-12-24 13:00:00,2946.94362286829,[2190.22273271],0.5000353728602054
2014-12-24 14:00:00,2199.97626528518,[2639.54110735],0.5000317365582454
2014-12-24 15:00:00,2937.43018922919,[1236.01465273],0.5000164643998217
2014-12-24 16:00:00,2320.2819207963003,[2121.8867094],0.5000150787654355
2014-12-24 17:00:00,2106.2574037771,[2181.17257423],0.500015485775256
2014-12-24 18:00:00,2597.2215458877,[2584.4364866],0.5000098590903872
2014-12-24 19:00:00,2477.88203343414,[2912.10794372],0.5000245442281352
2014-12-24 20:00:00,2555.8857274155303,[1664.49415472],0.5000081122122904
2014-12-24 21:00:00,2942.78117917972,[2436.48528099],0.5000170284480298
2014-12-24 22:00:00,2202.37765187583,[2508.49998335],0.5000202650964265
2014-12-24 23:00:00,2255.64950079242,[2946.18202869],0.5000299252482123
2014-12-25 00:00:00,2302.14089707823,[2199.21467111],0.5000242381396167
2014-12-25 01:00:00,3084.96514574241,[2936.66859505],0.5000461868252644
2014-12-25 02:00:00,3634.35910078091,[2319.52032662],0.5000487762413243
2014-12-25 03:00:00,3084.2961913498402,[2105.4958096],0.5000478542865918
2014-12-25 04:00:00,3162.46411074054,[2596.45995171],0.5000479823709064
2014-12-25 05:00:00,3630.4917765941295,[2477.12043926],0.5000423029934524
2014-12-25 06:00:00,2285.3701532229197,[2555.12413324],0.5000539069926879
2014-12-25 07:00:00,1794.1608039259802,[2942.019585],0.5000604242648279
2014-12-25 08:00:00,2048.4531836185997,[2201.6160577],0.5000564684131603
2014-12-25 09:00:00,2898.2548510066304,[2254.88790662],0.5000474539734041
2014-12-25 10:00:00,2806.50195951954,[2301.3793029],0.5000488210951586
2014-12-25 11:00:00,1233.91298717802,[3084.20355157],0.5000506325222387
2014-12-25 12:00:00,3587.30140870956,[3633.5975066],0.5000676497555764
2014-12-25 13:00:00,2806.07376878989,[3083.53459717],0.5000804036587214
2014-12-25 14:00:00,2952.921892670589,[3161.70251656],0.5000877274687652
2014-12-25 15:00:00,3278.40198551734,[3629.73018242],0.5001026672957058
2014-12-25 16:00:00,2317.12231013086,[2284.60855905],0.5000992027250646
2014-12-25 17:00:00,2727.3039655285997,[1793.39920975],0.5000842197205989
2014-12-25 18:00:00,3810.9637980792,[2047.69158944],0.5000823046399655
2014-12-25 19:00:00,4421.7435959363,[2897.49325683],0.5000907553447582
2014-12-25 20:00:00,3718.92902317255,[2805.74036534],0.5000974141631479
2014-12-25 21:00:00,3806.432398785369,[1233.151393],0.5000731172897319
2014-12-25 22:00:00,2418.75868695371,[3586.53981453],0.5000722648259459
2014-12-25 23:00:00,4109.26142866195,[2805.31217461],0.5000685295057989
2014-12-26 00:00:00,4210.3300276582,[2952.16029849],0.5000656675336046
2014-12-26 01:00:00,3396.69389375485,[3277.64039134],0.5000608309478504
2014-12-26 02:00:00,3777.61140773613,[2316.36071595],0.5000612958615727
2014-12-26 03:00:00,4272.687364651961,[2726.54237135],0.500073699417354
2014-12-26 04:00:00,5059.493878122729,[3810.2022039],0.5000969101440323
2014-12-26 05:00:00,3191.99642473882,[4420.98200176],0.5001167109157079
2014-12-26 06:00:00,4516.88660925065,[3718.167429],0.5001286142228019
2014-12-26 07:00:00,4782.8423860474495,[3805.67080461],0.5001626067869764
2014-12-26 08:00:00,4569.907528297171,[2417.99709278],0.5001471713062888
2014-12-26 09:00:00,4262.82158020765,[4108.49983449],0.5001641494604392
2014-12-26 10:00:00,4059.28672262662,[4209.56843348],0.5001804568203969
2014-12-26 11:00:00,4305.64047819286,[3395.93229958],0.5001819251075472
2014-12-26 12:00:00,4780.20935552895,[3776.84981356],0.500201142978019
2014-12-26 13:00:00,3687.8318821293797,[4271.92577048],0.5002212393287644
2014-12-26 14:00:00,3659.9175961882397,[5058.73228395],0.5002368264098773
2014-12-26 15:00:00,4018.429592340061,[3191.23483056],0.5002204756632268
2014-12-26 16:00:00,3652.9984056030603,[4516.12501507],0.5002304355623848
2014-12-26 17:00:00,3562.7757572981604,[4782.08079187],0.5002425651479481
2014-12-26 18:00:00,5418.21439945356,[4569.14593412],0.5002703771485064
2014-12-26 19:00:00,4112.17858016138,[4262.05998603],0.5002718939128135
2014-12-26 20:00:00,4408.990202656099,[4058.52512845],0.5002695053324122
2014-12-26 21:00:00,4086.69817096554,[4304.87888402],0.5002809938159207
2014-12-26 22:00:00,5109.225836624149,[4779.44776135],0.5002933533089908
2014-12-26 23:00:00,5165.67230328395,[3687.07028795],0.5002854552784067
2014-12-27 00:00:00,5601.87322037907,[3659.15600201],0.5002667984516826
2014-12-27 01:00:00,4671.01262059105,[4017.66799816],0.5002773683722264
2014-12-27 02:00:00,5720.41126704014,[3652.23681143],0.5002657942649554
2014-12-27 03:00:00,5109.12816286974,[3562.01416312],0.5002495444018286
2014-12-27 04:00:00,4299.5554627406,[5417.45280528],0.5002594236075222
2014-12-27 05:00:00,5785.859203673001,[4111.41698599],0.5002570422644037
2014-12-27 06:00:00,6035.7359270915185,[4408.22860848],0.5002610769093947
2014-12-27 07:00:00,5649.395897277061,[4085.93657679],0.5002578171421364
2014-12-27 08:00:00,4953.01474936917,[5108.46424245],0.5002610808337722
2014-12-27 09:00:00,4442.91598429295,[5164.91070911],0.5002793476715182
2014-12-27 10:00:00,5287.93701802747,[5601.1116262],0.5003031899426269
2014-12-27 11:00:00,4496.62708390873,[4670.25102641],0.5003109268080679
2014-12-27 12:00:00,4243.9436713141295,[5719.64967286],0.5003360628440512
2014-12-27 13:00:00,5754.07679549974,[5108.36656869],0.5003549275566476
2014-12-27 14:00:00,5181.11917798766,[4298.79386856],0.5003399077449032
2014-12-27 15:00:00,5139.79216972277,[5785.0976095],0.5003596357607814
2014-12-27 16:00:00,5010.86346497013,[6034.97433292],0.5003783020232457
2014-12-27 17:00:00,6181.92672017075,[5648.6343031],0.5003964877881046
2014-12-27 18:00:00,4478.827843467199,[4952.25315519],0.5003933859772105
2014-12-27 19:00:00,5161.77585249386,[4442.15439012],0.5003835260818212
2014-12-27 20:00:00,5765.800018412479,[5287.17542385],0.5003781132968246
2014-12-27 21:00:00,5607.26114127102,[4495.86548973],0.5003752447489063
2014-12-27 22:00:00,5074.16567074799,[4243.18207714],0.5003560010201289
2014-12-27 23:00:00,5401.36441450974,[5753.31520132],0.5003623674903752
2014-12-28 00:00:00,5322.02961753596,[5180.35758381],0.5003723064072947
2014-12-28 01:00:00,6426.261201267789,[5139.03057555],0.5003629504545919
2014-12-28 02:00:00,5485.6115974041995,[5010.10187079],0.5003489783393963
2014-12-28 03:00:00,5029.29237823971,[6181.16512599],0.5003534325081227
2014-12-28 04:00:00,6106.7334337965685,[4478.06624929],0.5003469087874015
2014-12-28 05:00:00,4640.54719303099,[5161.01425832],0.5003547794521922
2014-12-28 06:00:00,5695.4749949383495,[5765.03842424],0.5003589976798607
2014-12-28 07:00:00,6087.81510665962,[5606.49954709],0.5003712386790757
2014-12-28 08:00:00,4652.330765011428,[5073.40407657],0.5003804817809503
2014-12-28 09:00:00,5511.767804562171,[5400.60282033],0.5003747134083412
2014-12-28 10:00:00,5859.0756383093785,[5321.26802336],0.5003751598151216
2014-12-28 11:00:00,5932.57009210016,[6425.49960709],0.5003884328694712
2014-12-28 12:00:00,6146.0344352739,[5484.85000323],0.5003927851011516
2014-12-28 13:00:00,6350.33551946861,[5028.53078406],0.5003776556519419
2014-12-28 14:00:00,5304.7252233798,[6105.97183962],0.5003953957555958
2014-12-28 15:00:00,4653.68955865678,[4639.78559885],0.5003883836266997
2014-12-28 16:00:00,4673.39482694378,[5694.71340076],0.500385874237019
2014-12-28 17:00:00,5496.26157867348,[6087.05351248],0.5003896073713081
2014-12-28 18:00:00,4119.1019030495,[4651.56917084],0.5003838615441508
2014-12-28 19:00:00,5306.13256534641,[5511.00621039],0.500383777914529
2014-12-28 20:00:00,4288.36017713183,[5858.31404413],0.5003884595608463
2014-12-28 21:00:00,4383.24105386512,[5931.80849792],0.5003806876463002
2014-12-28 22:00:00,5089.98614460863,[6145.2728411],0.5003865083250034
2014-12-28 23:00:00,4496.17818095717,[6349.57392529],0.5003998892721566
2014-12-29 00:00:00,4310.68749161943,[5303.9636292],0.5003891981155069
2014-12-29 01:00:00,4362.672841980329,[4652.92796448],0.5003887566578473
2014-12-29 02:00:00,5545.77294548838,[4672.63323277],0.5003760491702425
2014-12-29 03:00:00,3850.97480430092,[5495.4999845],0.5003677626637031
2014-12-29 04:00:00,4677.985378122829,[4118.34030887],0.5003612476651944
2014-12-29 05:00:00,4289.19609505281,[5305.37097117],0.5003577405254622
2014-12-29 06:00:00,6266.32579427552,[4287.59858296],0.5003389112414411
2014-12-29 07:00:00,4373.00073881972,[4382.47945969],0.5003202857923682
2014-12-29 08:00:00,5491.47824287201,[5089.22455043],0.5003070294239025
2014-12-29 09:00:00,4876.25834508684,[4495.41658678],0.5002847994385763
2014-12-29 10:00:00,3389.3620789477504,[4309.92589744],0.5002727998791416
2014-12-29 11:00:00,4568.95099224258,[4361.9112478],0.5002690468431723
2014-12-29 12:00:00,4624.89999130182,[5545.01135131],0.5002782289333545
2014-12-29 13:00:00,4177.59552014552,[3850.21321012],0.5002588301283455
2014-12-29 14:00:00,2958.313115652181,[4677.22378395],0.5002649013692869
2014-12-29 15:00:00,5388.26565429844,[4288.43450088],0.5002526893623331
2014-12-29 16:00:00,3900.0316414744398,[6265.5642001],0.5002742637345381
2014-12-29 17:00:00,3132.9420359346195,[4372.23914464],0.5002738231383103
2014-12-29 18:00:00,4649.4168884378105,[5490.7166487],0.5002775061695874
2014-12-29 19:00:00,3716.71375856196,[4875.49675091],0.5002813374821421
2014-12-29 20:00:00,3959.5923561053296,[3388.60048477],0.5002706960267935
2014-12-29 21:00:00,3306.68470930336,[4568.18939807],0.5002726860358098
2014-12-29 22:00:00,2661.73732713398,[4624.13839713],0.5002615233120933
2014-12-29 23:00:00,3575.2641235034607,[4176.83392597],0.5002651096581685
2014-12-30 00:00:00,4073.17892311641,[2957.55152148],0.5002452675312853
2014-12-30 01:00:00,3575.4063431124,[5387.50406012],0.5002572028284415
2014-12-30 02:00:00,3558.99937204819,[3899.2700473],0.5002295643116613
2014-12-30 03:00:00,3632.41274987718,[3132.18044176],0.50021524244751
2014-12-30 04:00:00,3696.4047546276597,[4648.65529426],0.5002050229706161
2014-12-30 05:00:00,3267.281354765349,[3715.95216439],0.5001914565318851
2014-12-30 06:00:00,3205.0920840262293,[3958.83076193],0.5001979606909965
2014-12-30 07:00:00,2914.63367292669,[3305.92311513],0.500183290558841
2014-12-30 08:00:00,2496.94116062834,[2660.97573296],0.50016053744781
2014-12-30 09:00:00,2428.6234253572798,[3574.50252933],0.5001534544160919
2014-12-30 10:00:00,2784.65535921531,[4072.41732894],0.5001662979683512
2014-12-30 11:00:00,2780.9796385226696,[3574.64474894],0.5001450549293166
2014-12-30 12:00:00,2960.9118761175405,[3558.23777787],0.5001410131667594
2014-12-30 13:00:00,13972.2684736169,[3631.6511557],0.500146792078068
2014-12-30 14:00:00,13972.2684736169,[3695.64316045],0.5001355412205126
2014-12-30 15:00:00,13972.2684736169,[3266.51976059],0.5001302783364062
2014-12-30 16:00:00,3319.23436192202,[3204.33048985],0.5001214371324177
2014-12-30 17:00:00,3235.566644437069,[2913.87207875],0.5001168914480165
2014-12-30 18:00:00,3050.5615483991496,[2496.17956645],0.5001150739867672
2014-12-30 19:00:00,2508.5985366580803,[2427.86183118],0.5001016967323141
2014-12-30 20:00:00,2689.13720299996,[2783.89376504],0.5000865651778799
2014-12-30 21:00:00,2809.80051810211,[2780.21804435],0.5000772337115668
2014-12-30 22:00:00,3073.28941301522,[2960.15028194],0.5000701745452418
2014-12-30 23:00:00,2995.24376506672,[13971.50687944],0.5001829532862945
2014-12-31 00:00:00,4079.96370605557,[13971.50687944],0.5002861547491831
2014-12-31 01:00:00,2810.14815263694,[13971.50687944],0.5003860857181084
2014-12-31 02:00:00,2569.6327773938897,[3318.47276775],0.5003875294667022
2014-12-31 03:00:00,2046.7998820784,[3234.80505026],0.5003911699665904
2014-12-31 04:00:00,2429.30736979571,[3049.79995422],0.5003973108524304
2014-12-31 05:00:00,4562.80883706264,[2507.83694248],0.5003985880861352
2014-12-31 06:00:00,3217.8109414993896,[2688.37560882],0.5003979935508178
2014-12-31 07:00:00,3587.80926767141,[2809.03892393],0.5003986846523254
2014-12-31 08:00:00,3187.89285258697,[3072.52781884],0.5004001974542213
2014-12-31 09:00:00,3186.7536472195893,[2994.48217089],0.5002846671872346
2014-12-31 10:00:00,3002.2355203330603,[4079.20211188],0.5001801130153267
2014-12-31 11:00:00,3450.24568939976,[2809.38655846],0.5000622664472698
2014-12-31 12:00:00,3997.50818890099,[2568.87118322],0.5000543900686787
2014-12-31 13:00:00,3701.603361412079,[2046.0382879],0.5000419023807301
2014-12-31 14:00:00,3064.72716249394,[2428.54577562],0.5000353640797066
2014-12-31 15:00:00,3287.77605060341,[4562.04724289],0.5000568961744165
2014-12-31 16:00:00,2399.57477416073,[3217.04934732],0.5000624735408984
2014-12-31 17:00:00,3961.93433370221,[3587.0476735],0.5000706529904579
2014-12-31 18:00:00,4395.90072844448,[3187.13125841],0.5000718549683616
2014-12-31 19:00:00,2467.63297637532,[3185.99205304],0.5000738778651352
2014-12-31 20:00:00,3388.49003565743,[3001.47392616],0.5000624106220009
2014-12-31 21:00:00,2919.2532906836,[3449.48409522],0.5000691720940145
2014-12-31 22:00:00,2773.68702867124,[3996.74659472],0.5000842530250862
2014-12-31 23:00:00,4156.61171585032,[3700.84176724],0.5001018267614297
2015-01-01 00:00:00,4259.66208135152,[3063.96556832],0.5001086475984544
2015-01-01 01:00:00,4816.47386949999,[3287.01445643],0.5000950175069683
2015-01-01 02:00:00,3960.454406205321,[2398.81317998],0.5000863712509421
2015-01-01 03:00:00,2637.0586984674,[3961.17273953],0.5000902441774664
2015-01-01 04:00:00,4054.14638699719,[4395.13913427],0.500102960652245
2015-01-01 05:00:00,3406.936070587561,[2466.8713822],0.5000953643882795
2015-01-01 06:00:00,3752.49950403317,[3387.72844148],0.5000994843909652
2015-01-01 07:00:00,4067.33631540505,[2918.49169651],0.5000938326484621
2015-01-01 08:00:00,4021.10928697375,[2772.92543449],0.5000807392824107
2015-01-01 09:00:00,4504.9756582684995,[4155.85012167],0.5000854608379022
2015-01-01 10:00:00,3705.24452244745,[4258.90048718],0.5000981236018056
2015-01-01 11:00:00,3749.8805072887103,[4815.71227532],0.5001142421218361
2015-01-01 12:00:00,4317.25545415483,[3959.69281203],0.5001309134323373
2015-01-01 13:00:00,4786.283092613379,[2636.29710429],0.5001167703584305
2015-01-01 14:00:00,4095.18454807604,[4053.38479282],0.5001129517058036
2015-01-01 15:00:00,3991.49026193838,[3406.17447641],0.5001230668268752
2015-01-01 16:00:00,3850.01865431003,[3751.73790986],0.500126924141026
2015-01-01 17:00:00,4063.67051125461,[4066.57472123],0.5001391778042448
2015-01-01 18:00:00,4400.38279682,[4020.3476928],0.500152524722788
2015-01-01 19:00:00,3939.5832094975,[4504.21406409],0.500156040491708
2015-01-01 20:00:00,5097.66742457455,[3704.48292827],0.5001500147605917
2015-01-01 21:00:00,3534.2025878359204,[3749.11891311],0.5001384359826468
2015-01-01 22:00:00,4718.7560864567295,[4316.49385998],0.5001421010843209
2015-01-01 23:00:00,4015.903754130471,[4785.52149844],0.500165000756875
2015-01-02 00:00:00,5648.16333991157,[4094.4229539],0.5001653185315247
2015-01-02 01:00:00,4686.4299732337,[3990.72866776],0.5001715412223162
2015-01-02 02:00:00,5714.05848035925,[3849.25706013],0.5001725368785161
2015-01-02 03:00:00,4857.00374152278,[4062.90891708],0.5001723836965728
2015-01-02 04:00:00,5036.48131466711,[4399.62120264],0.5001762802372063
2015-01-02 05:00:00,4615.39132279181,[3938.82161532],0.5001700794139439
2015-01-02 06:00:00,3452.42834622504,[5096.9058304],0.5001847072578284
2015-01-02 07:00:00,6301.51112802611,[3533.44099366],0.5001823971186784
2015-01-02 08:00:00,4548.1010712294,[4717.99449228],0.5001864343150142
2015-01-02 09:00:00,6950.48892615125,[4015.14215995],0.5001780003337077
2015-01-02 10:00:00,5678.083076736701,[5647.40174574],0.5001941283495237
2015-01-02 11:00:00,5201.31609571394,[4685.66837906],0.5002013419621616
2015-01-02 12:00:00,5997.14556766077,[5713.29688618],0.5002207252778081
2015-01-02 13:00:00,6151.73305520171,[4856.24214735],0.5002289125544002
2015-01-02 14:00:00,5542.2806793862,[5035.71972049],0.5002353213932698
2015-01-02 15:00:00,5801.545816045551,[4614.62972862],0.5002423290393784
2015-01-02 16:00:00,6852.947087175279,[3451.66675205],0.5002246846421533
2015-01-02 17:00:00,4973.739925093871,[6300.74953385],0.5002533570820784
2015-01-02 18:00:00,5814.42776806187,[4547.33947705],0.5002512785954336
2015-01-02 19:00:00,6350.1121282680115,[6949.72733197],0.5002811011534387
2015-01-02 20:00:00,5080.57990580862,[5677.32148256],0.5002806037191975
2015-01-02 21:00:00,4892.04317522515,[5200.55450154],0.5002855544773233
2015-01-02 22:00:00,6782.03736534874,[5996.38397348],0.5002875535219428
2015-01-02 23:00:00,5569.390013948149,[6150.97146103],0.5003001923467149
2015-01-03 00:00:00,5425.91118359929,[5541.51908521],0.50030481264014
2015-01-03 01:00:00,6043.35094098986,[5800.78422187],0.5003164635880775
2015-01-03 02:00:00,5760.71514037824,[6852.185493],0.5003506133700855
2015-01-03 03:00:00,5779.548651289089,[4972.97833092],0.5003361686874377
2015-01-03 04:00:00,5290.06477711673,[5813.66617389],0.5003485363526841
2015-01-03 05:00:00,5609.82220499937,[6349.35053409],0.5003408508346567
2015-01-03 06:00:00,6662.420068324761,[5079.81831163],0.5003340947302979
2015-01-03 07:00:00,6469.50378915953,[4891.28158105],0.500330471008808
2015-01-03 08:00:00,5808.015492925229,[6781.27577117],0.5003370023080898
2015-01-03 09:00:00,7620.97110611854,[5568.62841977],0.5003301589610001
2015-01-03 10:00:00,7074.843701298009,[5425.14958942],0.5003282790033095
2015-01-03 11:00:00,5766.888310418,[6042.58934681],0.5003297281957602
2015-01-03 12:00:00,6147.6283302289685,[5759.9535462],0.5003175222632559
2015-01-03 13:00:00,4292.27090028081,[5778.78705711],0.5003250164606852
2015-01-03 14:00:00,6767.961581681421,[5289.30318294],0.500319020494565
2015-01-03 15:00:00,6528.072189623879,[5609.06061082],0.5003106214764097
2015-01-03 16:00:00,5896.35531631219,[6661.65847415],0.5003254816385001
2015-01-03 17:00:00,6066.68565762501,[6468.74219498],0.5003403612735268
2015-01-03 18:00:00,6221.04663652807,[5807.25389875],0.5003294835786141
2015-01-03 19:00:00,6757.953038679079,[7620.20951194],0.5003481070110345
2015-01-03 20:00:00,5567.88563453109,[7074.08210712],0.5003629893585104
2015-01-03 21:00:00,6753.772553563521,[5766.12671624],0.5003593170500038
2015-01-03 22:00:00,6550.5008262559995,[6146.86673605],0.500362107106882
2015-01-03 23:00:00,5666.833706496999,[4291.5093061],0.5003469895141512
2015-01-04 00:00:00,5889.453563700389,[6767.19998751],0.500360335895772
2015-01-04 01:00:00,7121.71509938136,[6527.31059545],0.5003681731061844
2015-01-04 02:00:00,5913.770292259871,[5895.59372214],0.5003595371039208
2015-01-04 03:00:00,5156.05154826751,[6065.92406345],0.5003544593205593
2015-01-04 04:00:00,5076.0908707867,[6220.28504235],0.5003574605185136
2015-01-04 05:00:00,5873.2000157107705,[6757.1914445],0.500347297798172
2015-01-04 06:00:00,6021.64682326484,[5567.12404035],0.5003316089353098
2015-01-04 07:00:00,5992.6634657302,[6753.01095939],0.5003399619011809
2015-01-04 08:00:00,5651.30577637558,[6549.73923208],0.5003426423379256
2015-01-04 09:00:00,4601.60537610943,[5666.07211232],0.5003555340262889
2015-01-04 10:00:00,5463.31661640925,[5888.69196952],0.5003459903278353
2015-01-04 11:00:00,6235.57222885847,[7120.95350521],0.5003500683795662
2015-01-04 12:00:00,4274.549874774199,[5913.00869808],0.500349381078196
2015-01-04 13:00:00,5964.968296519572,[5155.28995409],0.5003400259194319
2015-01-04 14:00:00,4686.92422844569,[5075.32927661],0.5003284201748404
2015-01-04 15:00:00,5382.52257111711,[5872.43842153],0.5003189563268677
2015-01-04 16:00:00,4636.08628776081,[6020.88522909],0.5003225363432338
2015-01-04 17:00:00,5903.196872583871,[5991.90187155],0.5003142550503431
2015-01-04 18:00:00,5019.86262239095,[5650.5441822],0.500304846659722
2015-01-04 19:00:00,5570.847866420029,[4600.84378193],0.5002943045185105
2015-01-04 20:00:00,4799.30189420264,[5462.55502223],0.5002896368421128
2015-01-04 21:00:00,4523.16025745249,[6234.81063468],0.5002800950068336
2015-01-04 22:00:00,4280.12359326274,[4273.7882806],0.5002640969875465
2015-01-04 23:00:00,4438.6361159426,[5964.20670234],0.5002712444667639
2015-01-05 00:00:00,4861.38013816766,[4686.16263427],0.5002672895014961
2015-01-05 01:00:00,5839.06473373926,[5381.76097694],0.50026207957204
2015-01-05 02:00:00,5306.046529929629,[4635.32469358],0.5002484628596144
2015-01-05 03:00:00,4541.18071879941,[5902.43527841],0.5002469397379852
2015-01-05 04:00:00,5009.537124282249,[5019.10102821],0.500240531327643
2015-01-05 05:00:00,4225.85215407147,[5570.08627224],0.5002494325018685
2015-01-05 06:00:00,4403.47612847883,[4798.54030003],0.5002427942517402
2015-01-05 07:00:00,4810.52061974384,[4522.39866328],0.5002260793973006
2015-01-05 08:00:00,6254.251114252779,[4279.36199909],0.5002260822790588
2015-01-05 09:00:00,4754.8190302207395,[4437.87452177],0.50021118167021
2015-01-05 10:00:00,4630.3353734539205,[4860.61854399],0.5002126561981289
2015-01-05 11:00:00,3162.91360536121,[5838.30313956],0.5002165143619992
2015-01-05 12:00:00,5172.08138675302,[5305.28493575],0.5002226378021515
2015-01-05 13:00:00,5169.23993932579,[4540.41912462],0.5002093279166836
2015-01-05 14:00:00,3427.4181782888104,[5008.77553011],0.5002089689456597
2015-01-05 15:00:00,4341.54542600038,[4225.0905599],0.5001958991193287
2015-01-05 16:00:00,3805.7832786906292,[4402.7145343],0.5001919745969108
2015-01-05 17:00:00,4329.5476869434215,[4809.75902557],0.5001945632875684
2015-01-05 18:00:00,3923.189940333321,[6253.48952008],0.5002129618023068
2015-01-05 19:00:00,4786.59587603688,[4754.05743604],0.5002158428835457
2015-01-05 20:00:00,4272.094767528711,[4629.57377928],0.5002134674340596
2015-01-05 21:00:00,4158.18792202111,[3162.15201118],0.5001877172837141
2015-01-05 22:00:00,4302.5755211845,[5171.31979258],0.5001861246018308
2015-01-05 23:00:00,2966.57626323553,[5168.47834515],0.5001919077981034
2015-01-06 00:00:00,3315.73310521692,[3426.65658411],0.500176692322714
2015-01-06 01:00:00,4788.36795653039,[4340.78383182],0.5001777363015754
2015-01-06 02:00:00,4065.93698703375,[3805.02168451],0.5001719734403752
2015-01-06 03:00:00,4168.35183420133,[4328.78609277],0.5001672332936151
2015-01-06 04:00:00,3073.34785762403,[3922.42834616],0.500144614679625
2015-01-06 05:00:00,5166.085289992179,[4785.83428186],0.5001447398581902
2015-01-06 06:00:00,3543.6343413015,[4271.33317335],0.5001411873180208
2015-01-06 07:00:00,4132.48024962205,[4157.42632784],0.5001508010464906
2015-01-06 08:00:00,3674.4358342791998,[4301.81392701],0.5001422738020422
2015-01-06 09:00:00,4361.03011300474,[2965.81466906],0.5001209659306243
2015-01-06 10:00:00,3265.46156643029,[3314.97151104],0.5001199371458873
2015-01-06 11:00:00,4375.8456030261605,[4787.60636235],0.5001241048731819
2015-01-06 12:00:00,4379.9677061579905,[4065.17539286],0.5001265922610603
2015-01-06 13:00:00,3314.73991635099,[4167.59024003],0.5001249582508991
2015-01-06 14:00:00,2799.299174426141,[3072.58626345],0.5001167577808957
2015-01-06 15:00:00,4015.5067518268293,[5165.32369582],0.5001201975184258
2015-01-06 16:00:00,2392.38269520659,[3542.87274713],0.5001131166427905
2015-01-06 17:00:00,4215.51873110619,[4131.71865545],0.5001128023725097
2015-01-06 18:00:00,4236.1351221719115,[3673.6742401],0.5001066690845541
2015-01-06 19:00:00,4264.013015378328,[4360.26851883],0.5001201985460975
2015-01-06 20:00:00,3606.2146664651395,[3264.69997225],0.5001197711198169
2015-01-06 21:00:00,4898.876840079821,[4375.08400885],0.5001156315672424
2015-01-06 22:00:00,3748.23092517932,[4379.20611198],0.500118603536255
2015-01-06 23:00:00,3278.56237393839,[3313.97832217],0.5001102942866138
2015-01-07 00:00:00,3641.90941778992,[2798.53758025],0.5001077099250031
2015-01-07 01:00:00,3146.33671358218,[4014.74515765],0.5000963681168803
2015-01-07 02:00:00,3161.07777353097,[2391.62110103],0.5000851814334017
2015-01-07 03:00:00,4062.77942438496,[4214.75713693],0.5000859083238351
2015-01-07 04:00:00,3997.0085337448213,[4235.373528],0.5000913405476868
2015-01-07 05:00:00,3680.58533960724,[4263.2514212],0.5000902925627644
2015-01-07 06:00:00,3901.23760325538,[3605.45307229],0.5000936456574866
2015-01-07 07:00:00,3972.1106457690803,[4898.1152459],0.5000985964219573
2015-01-07 08:00:00,3918.18732960905,[3747.469331],0.5000923576489474
2015-01-07 09:00:00,5181.9649828171005,[3277.80077976],0.5000920395157173
2015-01-07 10:00:00,3824.74159340955,[3641.14782361],0.5001003507237772
2015-01-07 11:00:00,4623.328081270461,[3145.57511941],0.5000918248252793
2015-01-07 12:00:00,4057.2052334570203,[3160.31617935],0.5000994762681494
2015-01-07 13:00:00,3674.77287524302,[4062.01783021],0.500097907099907
2015-01-07 14:00:00,3792.55877971743,[3996.24693957],0.5000954907419626
2015-01-07 15:00:00,4487.31822853964,[3679.82374543],0.5000897036687763
2015-01-07 16:00:00,4105.0445667526,[3900.47600908],0.5000925875517053
2015-01-07 17:00:00,4586.218493844571,[3971.34905159],0.5000833460346891
2015-01-07 18:00:00,4745.0976543177,[3917.42573543],0.5000849860118501
2015-01-07 19:00:00,5030.58418764506,[5181.20338864],0.5001036249318815
2015-01-07 20:00:00,4043.677415040821,[3823.97999923],0.5001054201719317
2015-01-07 21:00:00,5509.52054747717,[4622.56648709],0.5001199418668889
2015-01-07 22:00:00,3627.3014714014203,[4056.44363928],0.5001288021977113
2015-01-07 23:00:00,3678.4842265627294,[3674.01128107],0.5001249634864176
2015-01-08 00:00:00,5543.790775933199,[3791.79718554],0.5001229288485289
2015-01-08 01:00:00,5663.989820071911,[4486.55663436],0.5001308425679007
2015-01-08 02:00:00,4304.83440885653,[4104.28297258],0.5001328270566217
2015-01-08 03:00:00,5341.48001165348,[4585.45689967],0.5001388121160417
2015-01-08 04:00:00,4320.3528745948,[4744.33606014],0.5001468863295342
2015-01-08 05:00:00,6108.67911811404,[5029.82259347],0.5001451506088331
2015-01-08 06:00:00,5264.28140371599,[4042.91582086],0.5001473068869591
2015-01-08 07:00:00,5201.85450597177,[5508.7589533],0.5001557838261482
2015-01-08 08:00:00,5145.53262103887,[3626.53987723],0.5001515476251239
2015-01-08 09:00:00,4672.213654817279,[3677.72263239],0.5001516223828901
2015-01-08 10:00:00,5968.26421749206,[5543.02918176],0.5001687169048941
2015-01-08 11:00:00,5529.01905186523,[5663.2282259],0.5001800267170062
2015-01-08 12:00:00,5881.17930983268,[4304.07281468],0.5001819615964822
2015-01-08 13:00:00,5169.269812706471,[5340.71841748],0.5001891646091062
2015-01-08 14:00:00,5455.43176516441,[4319.59128042],0.5001848796138426
2015-01-08 15:00:00,5908.6508825478,[6107.91752394],0.5001950325248883
2015-01-08 16:00:00,4790.52501701477,[5263.51980954],0.5002068716982009
2015-01-08 17:00:00,5321.94459412826,[5201.0929118],0.5002035331321888
2015-01-08 18:00:00,5570.4125854023205,[5144.77102686],0.5002183571907406
2015-01-08 19:00:00,6330.868751185711,[4671.45206064],0.50022810597275
2015-01-08 20:00:00,5490.17636703454,[5967.50262332],0.5002317518484992
2015-01-08 21:00:00,5460.98735693807,[5528.25745769],0.5002300146673607
2015-01-08 22:00:00,6404.32235936552,[5880.41771566],0.5002451021221043
2015-01-08 23:00:00,5760.40577727818,[5168.50821853],0.5002431222715134
2015-01-09 00:00:00,6859.08456349727,[5454.67017099],0.5002539842288687
2015-01-09 01:00:00,5309.65724865941,[5907.88928837],0.5002514438782155
2015-01-09 02:00:00,6134.99063574331,[4789.76342284],0.500246610282514
2015-01-09 03:00:00,5930.771889970822,[5321.18299995],0.5002474744404133
2015-01-09 04:00:00,6143.862745597261,[5569.65099123],0.5002512571132302
2015-01-09 05:00:00,6920.32697750224,[6330.10715701],0.5002668699934187
2015-01-09 06:00:00,6954.8632965441,[5489.41477286],0.5002617682202372
2015-01-09 07:00:00,6126.1175038216015,[5460.22576276],0.500260723373742
2015-01-09 08:00:00,5509.7577480094715,[6403.56076519],0.500265081602445
2015-01-09 09:00:00,6200.68788111353,[5759.6441831],0.5002703938976916
2015-01-09 10:00:00,7479.528576625641,[6858.32296932],0.5002831092264215
2015-01-09 11:00:00,6712.359564607529,[5308.89565448],0.500276926135359
2015-01-09 12:00:00,6234.36930061052,[6134.22904157],0.5002894068679993
2015-01-09 13:00:00,6790.0652134778,[5930.01029579],0.5002947713670431
2015-01-09 14:00:00,7298.47178997733,[6143.10115142],0.5002996756551887
2015-01-09 15:00:00,7929.48481234907,[6919.56538333],0.5003042868089114
2015-01-09 16:00:00,7180.46292521451,[6954.10170237],0.5003173493524746
2015-01-09 17:00:00,6296.26047359444,[6125.35590965],0.5003230972295915
2015-01-09 18:00:00,8246.22620378272,[5508.99615383],0.5003140315987955
2015-01-09 19:00:00,6969.26947091958,[6199.92628694],0.5003175634036497
2015-01-09 20:00:00,7771.597784408141,[7478.76698245],0.5003220290445685
2015-01-09 21:00:00,7713.49200430119,[6711.59797043],0.5003345000618415
2015-01-09 22:00:00,5749.87923350378,[6233.60770643],0.5003346954591301
2015-01-09 23:00:00,7931.981778323349,[6789.3036193],0.5003418450232848
2015-01-10 00:00:00,6902.99221568843,[7297.7101958],0.500351436958038
2015-01-10 01:00:00,6476.230819423608,[7928.72321817],0.5003590921689045
2015-01-10 02:00:00,7016.88397953304,[7179.70133104],0.5003598493484361
2015-01-10 03:00:00,7019.88897573769,[6295.49887942],0.5003606587191154
2015-01-10 04:00:00,6983.886796884871,[8245.46460961],0.5003842258847402
2015-01-10 05:00:00,6875.977254794139,[6968.50787674],0.5003901791020715
2015-01-10 06:00:00,7844.07639259269,[7770.83619023],0.5003910049846887
2015-01-10 07:00:00,7556.21710589913,[7712.73041012],0.5003984939311765
2015-01-10 08:00:00,7133.850240752429,[5749.11763933],0.5003934712652329
2015-01-10 09:00:00,6576.96401672989,[7931.22018415],0.5004020447966735
2015-01-10 10:00:00,7640.426278914579,[6902.23062151],0.5003971598622038
2015-01-10 11:00:00,7294.810561777878,[6475.46922525],0.5003828056733772
2015-01-10 12:00:00,6620.13337016244,[7016.12238536],0.5003800513027051
2015-01-10 13:00:00,6555.174828279671,[7019.12738156],0.5003854766508955
2015-01-10 14:00:00,6677.57106641413,[6983.12520271],0.5003726730527287
2015-01-10 15:00:00,6704.5144664298095,[6875.21566062],0.5003707122723657
2015-01-10 16:00:00,6998.102427465239,[7843.31479842],0.5003695813026354
2015-01-10 17:00:00,7264.09206820211,[7555.45551172],0.5003665947388751
2015-01-10 18:00:00,6839.91448823706,[7133.08864658],0.5003779142079745
2015-01-10 19:00:00,5681.65085419659,[6576.20242255],0.5003647398905611
2015-01-10 20:00:00,6852.58991325869,[7639.66468474],0.5003698218744714
2015-01-10 21:00:00,7259.50452704913,[7294.0489676],0.5003758582319384
2015-01-10 22:00:00,5794.4207287545,[6619.37177599],0.5003713883278122
2015-01-10 23:00:00,5411.750164078328,[6554.4132341],0.5003663643486322
2015-01-11 00:00:00,6956.48448641209,[6676.80947224],0.5003627073144619
2015-01-11 01:00:00,6218.64586574711,[6703.75287225],0.500360256437028
2015-01-11 02:00:00,6707.6145002226,[6997.34083329],0.5003516200347445
2015-01-11 03:00:00,6219.271734999399,[7263.33047403],0.5003477913747916
2015-01-11 04:00:00,7343.9895490215795,[6839.15289406],0.5003442268006564
2015-01-11 05:00:00,6980.64805092772,[5680.88926002],0.500335911679608
2015-01-11 06:00:00,6609.99474740518,[6851.82831908],0.5003279983402786
2015-01-11 07:00:00,6670.88327819788,[7258.74293287],0.5003265428879722
2015-01-11 08:00:00,6693.2193452879,[5793.65913458],0.5003188524283511
2015-01-11 09:00:00,6749.06982123196,[5410.9885699],0.5003085090160284
2015-01-11 10:00:00,5481.29803163515,[6955.72289224],0.5003100511548577
2015-01-11 11:00:00,6920.39565999376,[6217.88427157],0.5003052151127193
2015-01-11 12:00:00,5091.49407471616,[6706.85290605],0.5003018844369502
2015-01-11 13:00:00,4608.05355634433,[6218.51014082],0.5002921631502422
2015-01-11 14:00:00,5717.74486995875,[7343.22795485],0.500295509876439
2015-01-11 15:00:00,6150.8736790987095,[6979.88645675],0.5003059872373918
2015-01-11 16:00:00,5963.106990874,[6609.23315323],0.5003031547910632
2015-01-11 17:00:00,6022.56657841265,[6670.12168402],0.5002972875805479
2015-01-11 18:00:00,5688.12468871328,[6692.45775111],0.500304378139073
2015-01-11 19:00:00,5220.16950987939,[6748.30822706],0.5003152325243049
2015-01-11 20:00:00,5611.25722567065,[5480.53643746],0.500302172661258
2015-01-11 21:00:00,6544.1314452138795,[6919.63406582],0.5003074164834477
2015-01-11 22:00:00,5264.13429742512,[5090.73248054],0.5002932867073798
2015-01-11 23:00:00,5671.41475776706,[4607.29196217],0.500279319430955
2015-01-12 00:00:00,5621.59395247661,[5716.98327578],0.5002649052430801
2015-01-12 01:00:00,6006.660156961011,[6150.11208492],0.5002572618847134
2015-01-12 02:00:00,4590.351970490479,[5962.3453967],0.500251281513108
2015-01-12 03:00:00,4968.94477612505,[6021.80498424],0.5002452781192392
2015-01-12 04:00:00,5316.66373162296,[5687.36309454],0.5002363028101366
2015-01-12 05:00:00,4853.75139272457,[5219.4079157],0.5002229287326831
2015-01-12 06:00:00,5167.77409877731,[5610.49563149],0.5002238039899458
2015-01-12 07:00:00,4869.29423413261,[6543.36985104],0.5002200134028314
2015-01-12 08:00:00,4410.8679316701,[5263.37270325],0.5002213487392486
2015-01-12 09:00:00,3981.85859551769,[5670.65316359],0.5002302685907704
2015-01-12 10:00:00,5388.6490059014895,[5620.8323583],0.5002291890344771
2015-01-12 11:00:00,4931.37312799226,[6005.89856278],0.5002275829431675
2015-01-12 12:00:00,5283.018384293599,[4589.59037631],0.5002157321556375
2015-01-12 13:00:00,3438.0470347257105,[4968.18318195],0.5002065520849903
2015-01-12 14:00:00,5399.35595805459,[5315.90213745],0.5002031813183748
2015-01-12 15:00:00,4944.570664906761,[4852.98979855],0.5001999535979613
2015-01-12 16:00:00,4445.98294825392,[5167.0125046],0.5001959942537968
2015-01-12 17:00:00,5007.415530185661,[4868.53263996],0.5001814596078092
2015-01-12 18:00:00,4831.58095437019,[4410.10633749],0.5001740914051369
2015-01-12 19:00:00,5018.204191018321,[3981.09700134],0.5001595413549885
2015-01-12 20:00:00,4938.63992104536,[5387.88741173],0.5001573515319327
2015-01-12 21:00:00,4706.28968981308,[4930.61153382],0.5001479613183459
2015-01-12 22:00:00,4677.6511789506,[5282.25679012],0.5001537988361664
2015-01-12 23:00:00,4221.6611591838,[3437.28544055],0.5001406502707872
2015-01-13 00:00:00,4838.59512365688,[5398.59436388],0.5001411914511273
2015-01-13 01:00:00,4244.243449819121,[4943.80907073],0.5001418829909821
2015-01-13 02:00:00,5328.864658079079,[4445.22135408],0.5001356113368536
2015-01-13 03:00:00,4611.6554468796285,[5006.65393601],0.5001367022295988
2015-01-13 04:00:00,5399.95437033076,[4830.81936019],0.5001402710741203
2015-01-13 05:00:00,4339.17307548289,[5017.44259684],0.5001491486602567
2015-01-13 06:00:00,4427.986912450229,[4937.87832687],0.5001451561385571
2015-01-13 07:00:00,5050.59724216992,[4705.52809564],0.500143149184413
2015-01-13 08:00:00,5229.0242277064,[4676.88958477],0.5001378451372194
2015-01-13 09:00:00,3897.061849346021,[4220.89956501],0.5001446581934124
2015-01-13 10:00:00,5074.59783071237,[4837.83352948],0.5001397126913613
2015-01-13 11:00:00,5240.51517494366,[4243.48185564],0.5001336334519038
2015-01-13 12:00:00,4346.20743321903,[5328.1030639],0.5001411484312153
2015-01-13 13:00:00,5040.62976476307,[4610.8938527],0.500137666195629
2015-01-13 14:00:00,4259.05478121254,[5399.19277615],0.5001424374484522
2015-01-13 15:00:00,4352.0171809618,[4338.41148131],0.5001365279413331
2015-01-13 16:00:00,4584.63384027023,[4427.22531827],0.5001320658806123
2015-01-13 17:00:00,4302.78423958674,[5049.83564799],0.5001349528909065
2015-01-13 18:00:00,5614.961089796479,[5228.26263353],0.5001396139511074
2015-01-13 19:00:00,4746.9365538235215,[3896.30025517],0.5001368347092064
2015-01-13 20:00:00,4553.61984184134,[5073.83623654],0.5001387784696967
2015-01-13 21:00:00,3870.21474903075,[5239.75358077],0.5001473198455723
2015-01-13 22:00:00,4913.09877094926,[4345.44583904],0.5001387523761776
2015-01-13 23:00:00,4451.849352957411,[5039.86817059],0.500142387296196
2015-01-14 00:00:00,4705.34551649704,[4258.29318704],0.5001324408193379
2015-01-14 01:00:00,4780.69471777174,[4351.25558679],0.5001325442491096
2015-01-14 02:00:00,4041.4558674594896,[4583.87224609],0.5001338732871339
2015-01-14 03:00:00,5349.77245130733,[4302.02264541],0.5001273359608869
2015-01-14 04:00:00,5245.05740913986,[5614.19949562],0.5001305044067573
2015-01-14 05:00:00,5409.95508413726,[4746.17495965],0.5001378708548172
2015-01-14 06:00:00,4712.04284675476,[4552.85824767],0.5001332830360569
2015-01-14 07:00:00,4164.4396769594205,[3869.45315485],0.500121338641554
2015-01-14 08:00:00,6467.882877086468,[4912.33717677],0.5001262122349855
2015-01-14 09:00:00,6204.4822705614015,[4451.08775878],0.5001210315873801
2015-01-14 10:00:00,5153.299040600929,[4704.58392232],0.5001248824264137
2015-01-14 11:00:00,4625.481437769699,[4779.9331236],0.5001285714523491
2015-01-14 12:00:00,5424.16071634006,[4040.69427328],0.500123833742153
2015-01-14 13:00:00,5564.0340171180505,[5349.01085713],0.5001328612355959
2015-01-14 14:00:00,4420.017750970421,[5244.29581496],0.5001294793187239
2015-01-14 15:00:00,5536.757710646129,[5409.19348996],0.5001351294983662
2015-01-14 16:00:00,5811.195055716321,[4711.28125258],0.5001364658640428
2015-01-14 17:00:00,6821.512764485021,[4163.67808278],0.5001390674045949
2015-01-14 18:00:00,5227.95595734796,[6467.12128291],0.5001523221410227
2015-01-14 19:00:00,7368.198489630171,[6203.72067639],0.5001673496185346
2015-01-14 20:00:00,6750.1109704088,[5152.53744642],0.5001711602534041
2015-01-14 21:00:00,6027.56315436798,[4624.71984359],0.5001697752390812
2015-01-14 22:00:00,5904.31431305644,[5423.39912216],0.50018173117241
2015-01-14 23:00:00,6422.600159809771,[5563.27242294],0.5001834118573296
2015-01-15 00:00:00,6998.491204081271,[4419.25615679],0.5001761894977916
2015-01-15 01:00:00,7156.696921201279,[5535.99611647],0.5001771115764598
2015-01-15 02:00:00,6475.06524307422,[5810.43346154],0.5001864963445901
2015-01-15 03:00:00,5964.10995565245,[6820.75117031],0.5002092265775624
2015-01-15 04:00:00,7138.09776914088,[5227.19436317],0.5001982505612685
2015-01-15 05:00:00,7164.06785674092,[7367.43689545],0.500207690112844
2015-01-15 06:00:00,6253.36651514574,[6749.34937623],0.5002210894517274
2015-01-15 07:00:00,6036.70535972116,[6026.80156019],0.5002329918952404
2015-01-15 08:00:00,6641.82639963995,[5903.55271888],0.5002368855772159
2015-01-15 09:00:00,6982.366630370911,[6421.83856563],0.5002439086015398
2015-01-15 10:00:00,6693.87866485756,[6997.7296099],0.5002656538116388
2015-01-15 11:00:00,6266.70425091407,[7155.93532702],0.500278943556179
2015-01-15 12:00:00,6435.654606780539,[6474.3036489],0.500284192516165
2015-01-15 13:00:00,7473.711041002909,[5963.34836148],0.5002764417635417
2015-01-15 14:00:00,7444.323354753771,[7137.33617496],0.500292190823727
2015-01-15 15:00:00,7287.8471566589515,[7163.30626256],0.5002896268505252
2015-01-15 16:00:00,6748.51868942895,[6252.60492097],0.500284920959871
2015-01-15 17:00:00,7089.942374975759,[6035.94376554],0.500284658099819
2015-01-15 18:00:00,6563.121921590478,[6641.06480546],0.5002904460043006
2015-01-15 19:00:00,7802.58112348125,[6981.60503619],0.5002945500728664
2015-01-15 20:00:00,6255.6024168659205,[6693.11707068],0.5002913464112748
2015-01-15 21:00:00,7209.32524699683,[6265.94265674],0.5002832929120857
2015-01-15 22:00:00,7250.103715441242,[6434.8930126],0.5002824831104643
2015-01-15 23:00:00,7051.515718317859,[7472.94944683],0.5002944919575703
2015-01-16 00:00:00,8920.851198215609,[7443.56176058],0.5002961965272197
2015-01-16 01:00:00,8806.20702327794,[7287.08556248],0.5002964167257937
2015-01-16 02:00:00,7223.67623481793,[6747.75709525],0.5003000330679701
2015-01-16 03:00:00,7820.440050113441,[7089.1807808],0.5003082341711438
2015-01-16 04:00:00,7779.126428224698,[6562.36032741],0.5003070378743795
2015-01-16 05:00:00,7873.714309028829,[7801.8195293],0.5003128824189668
2015-01-16 06:00:00,7921.920963329741,[6254.84082269],0.5003087681818112
2015-01-16 07:00:00,7255.588111235791,[7208.56365282],0.5003159260536891
2015-01-16 08:00:00,6390.674318995029,[7249.34212126],0.5003219616458721
2015-01-16 09:00:00,7422.42973919121,[7050.75412414],0.5003176687988695
2015-01-16 10:00:00,8097.683396060491,[8920.08960404],0.5003282802702183
2015-01-16 11:00:00,7369.825256450191,[8805.4454291],0.5003392311325612
2015-01-16 12:00:00,7914.8834111286915,[7222.91464064],0.5003423551717612
2015-01-16 13:00:00,7266.517917355591,[7819.67845594],0.5003472739568983
2015-01-16 14:00:00,7864.9585150681705,[7778.36483405],0.5003562185621686
2015-01-16 15:00:00,8020.899325312621,[7872.95271485],0.5003556045052573
2015-01-16 16:00:00,7781.33299515721,[7921.15936915],0.5003681197167722
2015-01-16 17:00:00,7123.3669894274,[7254.82651706],0.5003676273808371
2015-01-16 18:00:00,8424.3121582774,[6389.91272482],0.5003600988826844
2015-01-16 19:00:00,7685.913879282592,[7421.66814501],0.5003622040757065
2015-01-16 20:00:00,6961.70794782406,[8096.92180188],0.5003541437433433
2015-01-16 21:00:00,7303.98949803578,[7369.06366227],0.5003415171765575
2015-01-16 22:00:00,7752.632587713041,[7914.12181695],0.5003460018152784
2015-01-16 23:00:00,7186.4438671757,[7265.75632318],0.500340679364185
2015-01-17 00:00:00,6581.3209282112,[7864.19692089],0.5003402678322967
2015-01-17 01:00:00,7039.368984474341,[8020.13773114],0.5003402728669395
2015-01-17 02:00:00,7561.57919082001,[7780.57140098],0.500338087004344
2015-01-17 03:00:00,7645.61299052407,[7122.60539525],0.5003363026739163
2015-01-17 04:00:00,8449.81363922806,[8423.5505641],0.5003512657375755
2015-01-17 05:00:00,7147.83771224457,[7685.15228511],0.5003523720615201
2015-01-17 06:00:00,6993.2344800930105,[6960.94635365],0.5003426185134209
2015-01-17 07:00:00,7079.45671251435,[7303.22790386],0.5003412995211451
2015-01-17 08:00:00,8036.9058500089695,[7751.87099354],0.5003389967091207
2015-01-17 09:00:00,6910.44907360291,[7185.682273],0.5003376340593809
2015-01-17 10:00:00,7311.08640758502,[6580.55933403],0.5003269454653332
2015-01-17 11:00:00,8584.76426334167,[7038.6073903],0.5003184999419388
2015-01-17 12:00:00,6558.85039424125,[7560.81759664],0.5003159023039113
2015-01-17 13:00:00,6785.521609178481,[7644.85139635],0.5003191577529957
2015-01-17 14:00:00,6967.09856699695,[8449.05204505],0.5003180678069585
2015-01-17 15:00:00,6243.50928622509,[7147.07611807],0.5003131660938652
2015-01-17 16:00:00,7268.586296120559,[6992.47288592],0.5003128292752632
2015-01-17 17:00:00,5878.89219036865,[7078.69511834],0.5003104456694971
2015-01-17 18:00:00,6829.72585167647,[8036.14425583],0.5003116418882259
2015-01-17 19:00:00,6499.06516057589,[6909.68747943],0.500308935210132
2015-01-17 20:00:00,6546.02190259879,[7310.32481341],0.5003139521601339
2015-01-17 21:00:00,7589.29037400595,[8584.00266917],0.5003247020193875
2015-01-17 22:00:00,7286.48489551775,[6558.08880006],0.50031646723729
2015-01-17 23:00:00,7869.4978072386,[6784.760015],0.5003092764324413
2015-01-18 00:00:00,7385.406726695171,[6966.33697282],0.5002971878747002
2015-01-18 01:00:00,6817.48065102034,[6242.74769205],0.5002898625900988
2015-01-18 02:00:00,6303.02596450886,[7267.82470194],0.5002913664958418
2015-01-18 03:00:00,6759.7946099192,[5878.13059619],0.5002818594014786
2015-01-18 04:00:00,6745.84866896121,[6828.9642575],0.5002720271280084
2015-01-18 05:00:00,6355.95178678912,[6498.3035664],0.5002684878086208
2015-01-18 06:00:00,5597.49976040609,[6545.26030842],0.5002621987776821
2015-01-18 07:00:00,6856.9613507198,[7588.52877983],0.500253794036234
2015-01-18 08:00:00,5890.8978919967,[7285.72330134],0.5002588375469463
2015-01-18 09:00:00,5579.28206987397,[7868.73621306],0.5002663983728212
2015-01-18 10:00:00,6299.32284617077,[7384.64513252],0.5002689933560545
2015-01-18 11:00:00,5982.79111695505,[6816.71905684],0.5002729747824634
2015-01-18 12:00:00,6741.61197103354,[6302.26437033],0.5002652710535447
2015-01-18 13:00:00,5882.4127867139205,[6759.03301574],0.5002716289908801
2015-01-18 14:00:00,6744.7662663226,[6745.08707478],0.5002705767162687
2015-01-18 15:00:00,6208.46398374845,[6355.19019261],0.5002691883616799
2015-01-18 16:00:00,6109.696783357072,[5596.73816623],0.5002618121356415
2015-01-18 17:00:00,5812.2659707989515,[6856.19975654],0.5002557670032182
2015-01-18 18:00:00,6606.895121710021,[5890.13629782],0.5002449056970116
2015-01-18 19:00:00,5589.0062522894295,[5578.5204757],0.5002272538513761
2015-01-18 20:00:00,5425.288434894579,[6298.56125199],0.5002186784680208
2015-01-18 21:00:00,5899.66723951637,[5982.02952278],0.5002121054538213
2015-01-18 22:00:00,5855.374767553431,[6740.85037686],0.5002151115600153
2015-01-18 23:00:00,6879.694164355439,[5881.65119254],0.5002082401039323
2015-01-19 00:00:00,5628.059276732571,[6744.00467215],0.5002078844724722
2015-01-19 01:00:00,6101.606530534661,[6207.70238957],0.500206535831712
2015-01-19 02:00:00,5567.14164620346,[6108.93518918],0.5002102528379395
2015-01-19 03:00:00,6468.265874172621,[5811.50437662],0.5002021283084809
2015-01-19 04:00:00,5866.1898852808,[6606.13352753],0.5002072922314534
2015-01-19 05:00:00,5886.411033315218,[5588.24465811],0.500207271062834
2015-01-19 06:00:00,5645.189179626079,[5424.52684072],0.5002005250187604
2015-01-19 07:00:00,4910.92428154975,[5898.90564534],0.5001997370816091
2015-01-19 08:00:00,5068.57318063446,[5854.61317338],0.5001928215298161
2015-01-19 09:00:00,5737.32280372948,[6878.93257018],0.5002000749334656
2015-01-19 10:00:00,4777.50898935424,[5627.29768256],0.5001914478118472
2015-01-19 11:00:00,6098.811852782571,[6100.84493636],0.5001904437659466
2015-01-19 12:00:00,4593.45439080181,[5566.38005203],0.5001862108021111
2015-01-19 13:00:00,4644.35308073797,[6467.50428],0.5001909563759668
2015-01-19 14:00:00,4657.59866044682,[5865.4282911],0.5001851625529365
2015-01-19 15:00:00,5379.96269419433,[5885.64943914],0.5001872866017962
2015-01-19 16:00:00,5965.769876847521,[5644.42758545],0.5001888618053432
2015-01-19 17:00:00,4391.63216466199,[4910.16268737],0.5001813213827676
2015-01-19 18:00:00,5073.35630993234,[5067.81158646],0.5001752961889365
2015-01-19 19:00:00,5356.85961072341,[5736.56120955],0.5001664536976995
2015-01-19 20:00:00,4378.91569339015,[4776.74739518],0.5001599680524647
2015-01-19 21:00:00,5168.03147211738,[6098.05025861],0.5001597694916098
2015-01-19 22:00:00,5210.781059078429,[4592.69279663],0.5001523570720723
2015-01-19 23:00:00,5950.70623920301,[4643.59148656],0.5001384287757638
2015-01-20 00:00:00,5742.587154958372,[4656.83706627],0.5001291923707002
2015-01-20 01:00:00,4587.81577612807,[5379.20110002],0.500125243498021
2015-01-20 02:00:00,4703.81788622478,[5965.00828267],0.5001275469236033
2015-01-20 03:00:00,4953.06099263597,[4390.87057049],0.5001236007281944
2015-01-20 04:00:00,4166.18521777668,[5072.59471576],0.5001235989638275
2015-01-20 05:00:00,4746.435419220061,[5356.09801655],0.5001206130174973
2015-01-20 06:00:00,5936.9831184187915,[4378.15409921],0.5001175841469249
2015-01-20 07:00:00,5247.2643474672495,[5167.26987794],0.5001103942750547
2015-01-20 08:00:00,5962.13132200828,[5210.0194649],0.5001150731562107
2015-01-20 09:00:00,6018.06779318854,[5949.94464503],0.5001249497149196
2015-01-20 10:00:00,5130.9856617713,[5741.82556078],0.5001331560123766
2015-01-20 11:00:00,5341.30660759321,[4587.05418195],0.5001270916025187
2015-01-20 12:00:00,6775.4518455987,[4703.05629205],0.5001174011878002
2015-01-20 13:00:00,5481.85344686761,[4952.29939846],0.5001216878369987
2015-01-20 14:00:00,5856.9143558917785,[4165.4236236],0.500114758088968
2015-01-20 15:00:00,6445.64920619327,[4745.67382504],0.5001100537707149
2015-01-20 16:00:00,5739.00888687958,[5936.22152424],0.50012189671211
2015-01-20 17:00:00,5943.763921875129,[5246.50275329],0.5001224495112542
2015-01-20 18:00:00,5169.39794774747,[5961.36972783],0.5001280841964401
2015-01-20 19:00:00,7134.92956617443,[6017.30619901],0.5001284480765402
2015-01-20 20:00:00,5543.18514388017,[5130.2240676],0.5001237003776372
2015-01-20 21:00:00,5353.02570122707,[5340.54501342],0.5001294342488782
2015-01-20 22:00:00,5764.64100834599,[6774.69025142],0.5001450971350123
2015-01-20 23:00:00,7191.16813412047,[5481.09185269],0.500149087241863
2015-01-21 00:00:00,5158.6715523824,[5856.15276172],0.5001619643050639
2015-01-21 01:00:00,6138.80930542564,[6444.88761202],0.5001748002236359
2015-01-21 02:00:00,5589.269875826812,[5738.2472927],0.5001731665952609
2015-01-21 03:00:00,5766.2456134659105,[5943.0023277],0.5001783782281315
2015-01-21 04:00:00,6448.596523810171,[5168.63635357],0.5001722541145076
2015-01-21 05:00:00,6772.19120192112,[7134.167972],0.5001804598330086
2015-01-21 06:00:00,7536.44394751519,[5542.4235497],0.5001835497035778
2015-01-21 07:00:00,6375.23414841673,[5352.26410705],0.5001835907943581
2015-01-21 08:00:00,6926.4791623434485,[5763.87941417],0.5001757066392407
2015-01-21 09:00:00,5092.86177379805,[7190.40653994],0.500188443574266
2015-01-21 10:00:00,6873.56777728761,[5157.90995821],0.5001830601099123
2015-01-21 11:00:00,7823.5019791013,[6138.04771125],0.5001805267148558
2015-01-21 12:00:00,7209.7982076712,[5588.50828165],0.5001792929930062
